0x1639, 3096, 11:570:744, 579, 743.656, 747, 5513, 2485, 1841, 16841, 6074, 68, -87.016, -100.022, 0x38E
0x14D3, 6695, 0:668:277, 1032, 740.843, 748, 2457, 2236, 1445, 12341, 3945, 64, -94.121, -110.167, 0x36D
0x157A, 5695, 3:185:516, 1032, 743.250, 747, 8831, 2142, 2613, 14175, 5590, 68, -93.635, -102.499, 0x3AA
0x1639, 2998, 11:741:934, 542, 746.140, 750, 12630, 2265, 2135, 17095, 5494, 56, -87.153, -94.864, 0x2FC
0x14D3, 6718, 0:839:468, 1031, 743.765, 751, 2332, 2564, 1730, 11801, 4021, 52, -94.213, -110.757, 0x2D7
0x157A, 5719, 3:356:707, 1031, 747.171, 751, 9270, 1856, 2519, 13066, 4665, 80, -94.858, -102.804, 0x43D
0x1639, 2983, 11:913:125, 772, 740.859, 744, 6777, 3771, 2343, 19422, 9769, 72, -88.581, -101.679, 0x3E0
0x14D3, 6727, 1:010:659, 1031, 746.296, 753, 1410, 2924, 2413, 12691, 5464, 64, -93.545, -109.132, 0x369
0x157A, 5738, 3:527:898, 1032, 742.859, 746, 3022, 2641, 1611, 11961, 4537, 56, -94.729, -109.705, 0x30E
0x1639, 3059, 12:084:316, 710, 743.156, 747, 13149, 2470, 3324, 20164, 8257, 64, -88.578, -95.023, 0x379
0x14D3, 6709, 1:181:850, 1031, 740.687, 748, 3087, 2471, 1715, 13288, 5003, 64, -93.162, -109.684, 0x36A
0x157A, 5775, 3:699:088, 1031, 746.296, 750, 6336, 1693, 2052, 12831, 4436, 76, -94.639, -105.736, 0x40F
0x1639, 2983, 12:255:508, 582, 745.578, 749, 5574, 2176, 1667, 16931, 6253, 48, -87.097, -101.825, 0x297
0x14D3, 6624, 1:353:041, 1030, 743.734, 751, 2884, 2148, 1437, 11992, 3990, 68, -94.188, -110.763, 0x397
0x157A, 5728, 3:870:279, 1030, 742.109, 746, 10028, 2248, 2485, 12831, 4623, 52, -94.827, -101.487, 0x2E3
0x1639, 3181, 12:426:698, 617, 748.281, 752, 14061, 3205, 2822, 18143, 6544, 68, -88.787, -94.797, 0x394
0x14D3, 6718, 1:524:232, 1031, 746.781, 754, 2106, 2495, 1666, 12925, 4140, 60, -94.339, -110.277, 0x339
0x157A, 5756, 4:041:470, 1030, 745.718, 749, 3855, 2292, 1604, 10917, 4436, 64, -94.648, -108.561, 0x373
0x1639, 3068, 12:597:889, 638, 742.234, 746, 10657, 2481, 2758, 19298, 6863, 52, -88.703, -96.213, 0x2D3
0x14D3, 6784, 1:695:424, 1031, 741.468, 748, 1263, 2787, 2036, 11716, 3966, 64, -94.153, -110.300, 0x370
0x157A, 5705, 4:212:661, 1032, 741.312, 745, 7280, 2202, 2348, 12603, 5339, 60, -93.436, -103.004, 0x339
0x1639, 3002, 12:769:081, 757, 745.203, 749, 14766, 3210, 3742, 20018, 8668, 68, -88.232, -95.522, 0x3AA
0x14D3, 6807, 1:866:615, 1030, 745.031, 751, 5139, 1201, 2843, 11188, 3938, 56, -94.131, -106.558, 0x307
0x157A, 5723, 4:383:852, 1030, 745.140, 749, 8200, 1840, 2562, 12236, 4449, 68, -94.660, -103.878, 0x3A6
0x1639, 2983, 12:940:272, 611, 747.250, 751, 9854, 2208, 2318, 18794, 6699, 56, -88.974, -97.847, 0x2FB
0x14D3, 6760, 2:037:806, 1030, 739.109, 746, 847, 2629, 2238, 12855, 4053, 64, -94.256, -110.019, 0x367
0x157A, 5723, 4:555:043, 1032, 741.156, 745, 10305, 2284, 2705, 12952, 4683, 60, -94.866, -101.731, 0x342
0x1639, 2988, 13:111:463, 654, 742.187, 746, 13927, 2776, 3163, 18558, 6905, 56, -88.515, -94.205, 0x308
0x14D3, 6662, 2:208:997, 1032, 742.093, 749, 1070, 2808, 2224, 12371, 3917, 56, -94.091, -110.440, 0x30B
0x157A, 5752, 4:726:234, 1031, 744.734, 748, 3445, 2568, 1750, 11858, 4443, 68, -94.646, -108.324, 0x3A4
0x1639, 3223, 13:282:654, 813, 744.531, 748, 9198, 3833, 2984, 20228, 9787, 80, -88.139, -99.400, 0x43F
0x14D3, 6709, 2:380:188, 1031, 744.671, 752, 2026, 2550, 1830, 12452, 4043, 64, -94.236, -110.442, 0x36C
0x157A, 5719, 4:897:424, 1030, 740.312, 744, 6081, 1775, 2151, 13546, 4553, 84, -94.761, -105.511, 0x47D
0x1639, 3063, 13:453:845, 560, 747.140, 751, 13776, 2550, 2430, 16724, 5841, 52, -87.136, -93.353, 0x2C8
0x14D3, 6690, 2:551:379, 1031, 738.796, 746, 2593, 2109, 1367, 12418, 4051, 68, -94.245, -110.147, 0x39F
0x157A, 5738, 5:068:616, 1031, 744.171, 748, 8796, 1821, 2532, 12457, 4397, 72, -94.601, -102.394, 0x3DE
0x1639, 2993, 13:625:036, 635, 741.234, 745, 11192, 2481, 2870, 19287, 6978, 60, -88.816, -96.655, 0x334
0x14D3, 6737, 2:722:570, 1031, 741.796, 749, 2471, 2329, 1550, 12416, 3995, 56, -94.185, -110.435, 0x30A
0x157A, 5738, 5:239:806, 1030, 747.625, 751, 4959, 2425, 1837, 13572, 5563, 64, -93.631, -106.298, 0x372
0x1639, 3030, 13:796:227, 631, 744.109, 748, 15072, 3486, 2969, 16713, 6488, 60, -88.555, -93.206, 0x334
0x14D3, 6765, 2:893:761, 1031, 744.375, 752, 1853, 2836, 2264, 12421, 5324, 64, -93.432, -109.196, 0x36A
0x157A, 5709, 5:410:997, 1031, 743.609, 747, 4012, 2331, 1797, 11698, 4385, 56, -94.589, -108.932, 0x308
0x1639, 3044, 13:967:418, 562, 746.218, 750, 10947, 2110, 2332, 16729, 5308, 52, -88.689, -95.395, 0x2C8
0x14D3, 6713, 3:064:952, 1032, 738.812, 746, 2320, 2211, 1387, 12468, 4148, 72, -94.339, -111.848, 0x3CE
0x157A, 5733, 5:582:188, 1030, 747.359, 751, 6037, 1849, 2047, 13217, 4524, 64, -94.733, -105.443, 0x378
0x1639, 2998, 14:138:609, 583, 740.843, 745, 4094, 2554, 1586, 16587, 6414, 52, -87.193, -102.062, 0x2BE
0x14D3, 6704, 3:236:143, 1032, 741.828, 749, 3003, 2742, 1743, 13682, 4991, 56, -93.143, -109.903, 0x30E
0x157A, 5719, 5:753:379, 1032, 743.343, 747, 6242, 1872, 2197, 12686, 4271, 60, -94.466, -105.734, 0x34C
0x1639, 3195, 14:309:800, 569, 743.187, 747, 12113, 2080, 2406, 17469, 5751, 64, -88.930, -94.112, 0x362
0x14D3, 6685, 3:407:335, 1032, 744.562, 752, 2402, 2750, 2108, 13164, 5123, 60, -93.256, -109.484, 0x339
0x157A, 5723, 5:924:570, 1030, 747.156, 751, 10315, 2132, 2785, 14211, 5683, 72, -93.724, -101.747, 0x3D3
0x1639, 3007, 14:480:992, 577, 745.640, 749, 5622, 2334, 1699, 16554, 6209, 64, -87.141, -100.050, 0x361
0x14D3, 6666, 3:578:526, 1030, 738.859, 746, 2697, 1913, 1160, 11138, 4067, 60, -94.271, -111.894, 0x336
0x157A, 5756, 6:095:761, 1031, 743.203, 747, 9395, 2174, 2615, 12256, 4563, 76, -94.762, -102.987, 0x408
0x1639, 3096, 14:652:183, 623, 748.203, 752, 12424, 2338, 2726, 18423, 6443, 52, -88.636, -95.603, 0x2C7
0x14D3, 6727, 3:749:717, 1032, 742.031, 749, 891, 2591, 2269, 12329, 3939, 68, -94.115, -110.009, 0x399
0x157A, 5780, 6:266:952, 1030, 746.734, 750, 4059, 2290, 1559, 11823, 4458, 68, -94.669, -108.832, 0x3A3
0x1639, 3209, 14:823:373, 588, 742.437, 746, 6593, 2617, 2200, 18400, 6441, 56, -87.137, -99.288, 0x2FD
0x14D3, 6709, 3:920:908, 1032, 744.687, 752, 1929, 2644, 1863, 11579, 4083, 68, -94.271, -110.503, 0x39F
0x157A, 5813, 6:438:142, 1031, 742.328, 746, 5582, 2081, 2119, 13465, 4516, 68, -94.717, -105.013, 0x3A7
0x1639, 2979, 14:994:565, 596, 745.312, 749, 15393, 3354, 2655, 17736, 6721, 64, -87.204, -93.824, 0x362
0x14D3, 6737, 4:092:099, 1035, 746.781, 754, 2282, 2341, 1536, 12313, 3998, 68, -94.154, -110.116, 0x3A6
0x157A, 5723, 6:609:333, 1034, 746.062, 750, 9962, 2251, 2328, 12223, 4441, 60, -94.619, -101.372, 0x346
0x1639, 3077, 15:165:756, 573, 747.250, 751, 8391, 1863, 2243, 18170, 6191, 64, -87.189, -97.068, 0x365
0x14D3, 6849, 4:263:290, 1029, 742.031, 748, 5953, 1090, 2695, 10688, 3808, 72, -95.993, -105.435, 0x3CF
0x157A, 5742, 6:780:524, 1032, 741.312, 745, 7328, 2322, 2604, 13842, 5734, 68, -93.746, -103.173, 0x3A2
0x1639, 2983, 15:336:947, 653, 741.765, 745, 4823, 3164, 2088, 17659, 7267, 60, -88.750, -102.717, 0x333
0x14D3, 6798, 4:434:481, 1031, 744.000, 751, 4619, 1793, 2935, 10098, 3825, 56, -95.996, -106.201, 0x311
0x157A, 5714, 6:951:715, 1030, 744.812, 748, 3193, 2370, 1495, 11356, 4389, 80, -94.602, -109.567, 0x444
0x1639, 3246, 15:508:138, 710, 744.171, 748, 16677, 3363, 3570, 19568, 8588, 68, -88.748, -93.037, 0x3A5
0x14D3, 6657, 4:605:673, 1030, 745.531, 753, 2423, 2652, 2031, 13486, 5285, 56, -93.408, -109.315, 0x303
0x157A, 5756, 7:122:906, 1032, 740.296, 744, 6607, 1895, 2084, 13558, 4539, 68, -94.731, -104.111, 0x3A6
0x1639, 3054, 15:679:329, 613, 746.234, 750, 11017, 2197, 2628, 18265, 6233, 56, -88.632, -96.752, 0x301
0x14D3, 6695, 4:776:864, 1032, 739.656, 747, 2858, 2452, 1758, 13348, 5154, 64, -93.282, -109.359, 0x366
0x157A, 5723, 7:294:097, 1031, 743.921, 748, 2500, 2229, 1238, 9863, 3985, 76, -94.174, -110.050, 0x414
0x1639, 3002, 15:850:520, 582, 740.421, 744, 6510, 2420, 2123, 18129, 6506, 52, -87.269, -99.183, 0x2C3
0x14D3, 6803, 4:948:055, 1032, 742.296, 749, 879, 2863, 2219, 11190, 3779, 64, -95.935, -110.414, 0x362
0x157A, 5709, 7:465:287, 1029, 747.171, 751, 8448, 1961, 2591, 12893, 4588, 84, -94.803, -102.145, 0x476
0x1639, 3007, 16:021:711, 624, 742.656, 746, 5478, 2881, 2078, 18351, 7045, 64, -87.010, -101.653, 0x35E
0x14D3, 6746, 5:119:246, 1031, 744.609, 751, 1349, 2688, 2012, 11296, 3931, 64, -94.114, -110.165, 0x369
0x157A, 5756, 7:636:478, 1031, 742.796, 746, 3838, 2600, 1666, 11521, 4391, 72, -94.595, -108.844, 0x3D5
0x1639, 3242, 16:192:903, 715, 745.171, 749, 15859, 3386, 3621, 19994, 8607, 72, -88.697, -94.584, 0x3D5
0x14D3, 6671, 5:290:437, 1031, 746.703, 754, 2490, 2737, 1904, 14027, 5248, 60, -93.369, -109.379, 0x336
0x157A, 5761, 7:807:669, 1030, 746.187, 750, 9469, 2466, 2689, 13553, 5445, 72, -93.538, -101.130, 0x3DB
0x1639, 3232, 16:364:093, 582, 747.203, 751, 12925, 2166, 2523, 18392, 6419, 60, -87.211, -94.468, 0x328
0x14D3, 6732, 5:461:628, 1031, 740.875, 748, 3045, 2631, 1651, 13752, 5094, 60, -93.240, -109.764, 0x33E
0x157A, 5775, 7:978:860, 1031, 741.718, 745, 4301, 2295, 1611, 11011, 4276, 60, -94.480, -107.204, 0x346
0x1639, 3007, 16:535:284, 593, 741.703, 745, 6112, 2816, 1953, 17895, 6538, 56, -87.128, -100.709, 0x2FD
0x14D3, 6671, 5:632:819, 1030, 743.062, 750, 906, 3111, 2514, 13807, 5264, 56, -93.391, -109.261, 0x301
0x157A, 5761, 8:150:051, 1030, 745.218, 749, 8073, 1566, 2178, 11158, 4256, 72, -94.468, -103.598, 0x3D9
0x1639, 3021, 16:706:476, 623, 746.328, 747, 149, 15610, 18113, 18112, 7187, 60, -87.110, -90.942, 0x338
0x14D3, 6727, 5:804:011, 1032, 745.921, 753, 2846, 2702, 1591, 12615, 5123, 52, -93.256, -109.522, 0x2D2
0x157A, 5738, 8:321:242, 1032, 740.843, 744, 4690, 2723, 1692, 11801, 5582, 60, -93.629, -106.074, 0x341
0x1639, 3424, 16:877:666, 557, 746.234, 750, 9364, 1977, 2265, 16887, 5205, 48, -88.682, -96.198, 0x293
0x14D3, 6624, 5:975:201, 1032, 739.921, 747, 3083, 2445, 1386, 13209, 5266, 64, -93.376, -109.392, 0x367
0x157A, 5761, 8:492:433, 1030, 744.312, 748, 6498, 1889, 2276, 12794, 4316, 76, -94.529, -104.076, 0x414
0x1639, 3002, 17:048:858, 619, 740.625, 744, 6968, 2890, 2144, 18491, 7034, 64, -87.073, -99.315, 0x367
0x14D3, 6742, 6:146:393, 1031, 743.078, 750, 2523, 2404, 2561, 10382, 3720, 60, -95.875, -109.714, 0x333
0x157A, 5728, 8:663:624, 1032, 747.703, 751, 4731, 2580, 1833, 12918, 5696, 60, -93.717, -106.091, 0x345
0x1639, 3007, 0:012:647, 585, 743.109, 747, 14893, 3061, 2738, 16776, 6251, 60, -87.051, -93.694, 0x330
0x14D3, 6751, 6:317:584, 1031, 745.265, 752, 844, 2740, 2299, 12345, 3889, 64, -94.068, -110.299, 0x371
0x157A, 5728, 8:834:814, 1031, 743.234, 747, 6983, 1712, 2447, 13202, 4559, 64, -94.758, -104.605, 0x36E
0x1639, 3077, 0:183:838, 621, 745.203, 749, 11813, 2305, 2744, 18947, 6842, 60, -88.925, -95.227, 0x32F
0x14D3, 6652, 6:488:775, 1031, 738.765, 746, 2554, 1872, 1264, 11269, 3879, 60, -94.057, -111.648, 0x33A
0x157A, 5738, 9:006:005, 1032, 746.593, 750, 5073, 2309, 1842, 13551, 5588, 68, -93.634, -106.359, 0x3AA
0x1639, 2974, 0:355:029, 523, 747.265, 751, 8895, 1990, 2043, 16718, 5199, 48, -87.224, -96.297, 0x29A
0x14D3, 6704, 6:659:966, 1031, 741.718, 749, 2276, 2519, 1726, 12047, 4101, 56, -94.298, -110.609, 0x305
0x157A, 5714, 9:177:197, 1031, 742.250, 746, 7206, 1746, 2346, 12861, 4449, 84, -94.652, -104.810, 0x477
0x1639, 2988, 0:526:220, 632, 741.328, 745, 8542, 2576, 2493, 19000, 6875, 60, -88.793, -98.581, 0x335
0x14D3, 6718, 6:831:157, 1030, 743.843, 751, 2399, 2443, 1607, 12646, 4188, 64, -94.398, -110.558, 0x36D
0x157A, 5742, 9:348:388, 1030, 745.640, 749, 3784, 2034, 1567, 11327, 4281, 84, -94.493, -108.207, 0x475
0x1639, 2998, 0:697:412, 595, 743.953, 747, 4871, 2708, 1570, 16695, 6506, 60, -87.077, -101.023, 0x32E
0x14D3, 6704, 7:002:348, 1032, 745.812, 753, 2584, 2637, 1714, 14169, 5266, 60, -93.376, -109.179, 0x33A
0x157A, 5742, 9:519:578, 1031, 741.171, 745, 8200, 1882, 2736, 13502, 4699, 76, -94.889, -103.930, 0x412
0x1639, 3049, 0:868:603, 609, 746.203, 750, 14037, 2754, 2683, 18730, 6855, 64, -87.102, -94.827, 0x35F
0x14D3, 6695, 7:173:539, 1032, 740.406, 748, 1793, 2362, 1734, 10971, 4131, 56, -94.322, -111.705, 0x307
0x157A, 5742, 9:690:769, 1030, 744.843, 748, 3862, 2514, 1541, 11195, 4382, 64, -94.595, -108.734, 0x372
0x1639, 3012, 1:039:794, 547, 748.250, 752, 9689, 2127, 2220, 18032, 5693, 56, -87.228, -96.642, 0x2F3
0x14D3, 6695, 7:344:731, 1031, 742.906, 750, 2329, 2586, 1606, 12302, 4014, 60, -94.205, -110.665, 0x33B
0x157A, 5761, 9:861:960, 1032, 740.218, 744, 8396, 1989, 2594, 14697, 5708, 64, -93.726, -102.080, 0x375
0x1639, 3007, 1:210:985, 644, 742.687, 746, 6425, 3063, 2202, 18933, 7442, 72, -88.974, -100.526, 0x3CC
0x14D3, 6774, 7:515:921, 1031, 744.921, 752, 2425, 2488, 1495, 12739, 4073, 60, -94.269, -110.549, 0x33E
0x157A, 5705, 10:033:151, 1030, 743.593, 747, 4199, 2175, 1768, 12006, 4302, 60, -94.515, -107.066, 0x345
0x1639, 3035, 1:382:176, 723, 745.203, 749, 15586, 3415, 3578, 19466, 8249, 68, -88.416, -94.348, 0x39D
0x14D3, 6709, 7:687:113, 1030, 738.781, 746, 2446, 2174, 1446, 12631, 4134, 64, -94.342, -110.075, 0x366
0x157A, 5723, 10:204:342, 1031, 747.218, 751, 8014, 1715, 2432, 13046, 4553, 60, -94.752, -103.632, 0x347
0x1639, 3002, 1:553:367, 716, 747.203, 751, 13583, 2688, 3195, 20348, 8530, 88, -88.646, -95.213, 0x499
0x14D3, 6690, 7:858:304, 1030, 741.484, 746, 1582, 2697, 1960, 9973, 3924, 56, -94.115, -110.344, 0x30E
0x157A, 5738, 10:375:532, 1029, 742.781, 746, 3536, 2399, 1552, 12204, 4507, 72, -94.725, -108.164, 0x3DD
0x1639, 2974, 1:724:558, 577, 741.750, 745, 5390, 2592, 1752, 16826, 6167, 68, -87.112, -101.929, 0x394
0x14D3, 6737, 8:029:495, 1031, 743.875, 751, 2887, 2693, 1694, 14339, 5160, 56, -93.296, -109.656, 0x306
0x157A, 5775, 10:546:723, 1032, 746.296, 750, 6575, 1779, 2205, 13502, 4484, 64, -94.678, -104.083, 0x382
0x1639, 3035, 1:895:749, 650, 744.187, 748, 14623, 2736, 3036, 18937, 7387, 60, -88.861, -94.629, 0x33F
0x14D3, 6681, 8:200:686, 1030, 746.500, 754, 1299, 2563, 1949, 10660, 3995, 64, -94.193, -111.814, 0x36E
0x157A, 5719, 10:717:914, 1030, 741.859, 745, 3230, 2830, 1729, 12274, 5457, 72, -93.547, -108.313, 0x3CC
0x1639, 2998, 2:066:940, 525, 746.171, 750, 11079, 1937, 2037, 17356, 5343, 60, -87.309, -94.017, 0x324
0x14D3, 6713, 8:371:877, 1030, 740.593, 748, 1921, 2461, 1814, 11729, 3997, 56, -94.195, -110.155, 0x309
0x157A, 5733, 10:889:105, 1031, 745.250, 749, 8704, 2015, 2596, 14095, 5553, 76, -93.615, -102.367, 0x412
0x1639, 3021, 2:238:131, 732, 748.421, 752, 8207, 3078, 2631, 19488, 8377, 60, -88.375, -99.199, 0x344
0x14D3, 6695, 8:543:068, 1031, 742.968, 750, 2686, 2373, 1451, 11296, 3851, 60, -94.025, -110.741, 0x33B
0x157A, 5761, 11:060:296, 1031, 740.828, 744, 3244, 2501, 1582, 12650, 4779, 60, -94.963, -109.846, 0x338
0x1639, 2998, 2:409:322, 795, 743.156, 747, 18346, 4756, 4052, 19840, 9694, 76, -88.292, -93.000, 0x407
0x14D3, 6699, 8:714:259, 1030, 745.046, 752, 825, 2563, 2331, 12800, 4067, 56, -94.271, -110.035, 0x309
0x157A, 5784, 11:231:487, 1029, 744.218, 748, 8500, 1893, 2479, 12393, 4372, 68, -94.593, -102.148, 0x3AE
0x1639, 3134, 2:580:513, 628, 745.203, 749, 13842, 2980, 3000, 18769, 7095, 64, -88.985, -94.512, 0x365
0x14D3, 6732, 8:885:450, 1031, 738.937, 746, 2489, 2071, 1209, 11993, 4216, 56, -94.418, -111.766, 0x30C
0x157A, 5742, 11:402:678, 1031, 747.437, 751, 4774, 1979, 1817, 12319, 4416, 60, -94.620, -107.767, 0x33E
0x1639, 3204, 2:751:705, 542, 747.187, 751, 12787, 2314, 2331, 16715, 5545, 48, -87.194, -94.992, 0x291
0x14D3, 6666, 9:056:642, 1030, 741.703, 749, 1833, 2607, 1862, 10660, 4227, 56, -94.438, -110.346, 0x305
0x157A, 5681, 11:573:869, 1031, 743.093, 747, 10372, 2476, 2691, 11791, 4640, 60, -94.835, -101.820, 0x33D
0x1639, 3012, 2:922:896, 563, 741.218, 745, 11037, 2256, 2561, 17929, 5827, 64, -87.079, -95.503, 0x356
0x14D3, 6666, 9:227:833, 1032, 743.484, 751, 2589, 2632, 2056, 13254, 5018, 64, -93.166, -109.504, 0x36F
0x157A, 5784, 11:745:059, 1030, 746.218, 750, 8059, 1810, 2427, 13330, 4539, 64, -94.747, -103.702, 0x370
0x1639, 2993, 3:094:087, 590, 743.218, 747, 10647, 2087, 2488, 18463, 6222, 60, -88.957, -96.773, 0x32C
0x14D3, 6746, 9:399:024, 1030, 745.718, 753, 2395, 2392, 1629, 11835, 3899, 60, -94.087, -110.498, 0x338
0x157A, 5742, 11:916:250, 1031, 741.328, 745, 5009, 1936, 2148, 13257, 4494, 72, -94.696, -106.239, 0x3DD
0x1639, 3002, 3:265:278, 707, 745.203, 749, 12007, 2403, 2993, 20211, 8221, 72, -88.595, -96.282, 0x3D4
0x14D3, 6774, 9:570:215, 1031, 740.281, 747, 657, 2751, 2219, 12535, 3911, 60, -94.092, -110.108, 0x33B
0x157A, 5719, 12:087:441, 1031, 744.750, 748, 3733, 2467, 1648, 11910, 4579, 60, -94.777, -108.562, 0x33F
0x1639, 2993, 3:436:469, 543, 747.500, 751, 7240, 2189, 1766, 17020, 5553, 52, -87.184, -98.369, 0x2C7
0x14D3, 6732, 9:741:406, 1030, 742.078, 749, 1150, 3079, 2754, 13617, 4875, 56, -93.058, -109.648, 0x307
0x157A, 5747, 12:258:632, 1029, 748.187, 752, 8982, 2110, 2388, 12343, 4518, 68, -94.736, -102.594, 0x3AD
0x1639, 3012, 3:607:660, 594, 741.406, 745, 6386, 2402, 2095, 16772, 5861, 56, -88.639, -100.854, 0x2FC
0x14D3, 6784, 9:912:597, 1030, 744.343, 751, 929, 2844, 2268, 12786, 4072, 64, -94.276, -110.493, 0x36A
0x157A, 5723, 12:429:823, 1030, 743.265, 747, 6911, 1861, 2377, 12702, 4325, 64, -94.538, -104.552, 0x378
0x1639, 2979, 3:778:851, 658, 743.625, 747, 6681, 3115, 2315, 19119, 7649, 68, -88.906, -100.655, 0x3A0
0x14D3, 6709, 10:083:789, 1031, 746.062, 753, 909, 2379, 2422, 13004, 4244, 60, -94.447, -111.912, 0x33D
0x157A, 5742, 12:601:013, 1030, 746.515, 750, 5378, 2038, 1806, 12622, 4644, 72, -94.847, -106.606, 0x3DD
0x1639, 3049, 3:950:042, 589, 748.453, 750, 128, 16387, 15964, 16386, 6431, 60, -87.115, -89.046, 0x33A
0x14D3, 6638, 10:254:979, 1030, 740.093, 747, 1126, 2231, 2033, 11747, 4147, 60, -94.355, -111.164, 0x33B
0x157A, 5742, 12:772:204, 1031, 742.171, 746, 9083, 2085, 2441, 12849, 4646, 60, -94.840, -102.670, 0x348
0x1639, 3453, 4:121:233, 590, 750.500, 752, 107, 17417, 15580, 17416, 6577, 56, -87.198, -89.215, 0x2F7
0x14D3, 6723, 10:426:170, 1035, 742.781, 749, 1432, 2850, 1967, 10813, 3639, 68, -95.746, -110.435, 0x3A4
0x157A, 5742, 12:943:396, 1033, 745.203, 749, 8300, 2015, 2616, 12126, 4405, 68, -94.592, -103.997, 0x3B1
0x1639, 3382, 4:292:424, 631, 742.156, 746, 12677, 2749, 3115, 19012, 6916, 68, -88.833, -95.762, 0x39C
0x14D3, 6704, 10:597:362, 1029, 744.437, 752, 1882, 2449, 1961, 11443, 3951, 56, -94.153, -110.277, 0x306
0x157A, 5770, 13:114:587, 1031, 740.203, 744, 9320, 2030, 2628, 14427, 5515, 84, -93.585, -102.902, 0x477
0x1639, 3223, 4:463:616, 781, 744.187, 748, 17668, 3653, 3855, 20266, 9855, 80, -88.518, -94.726, 0x441
0x14D3, 6676, 10:768:553, 1031, 746.593, 754, 1838, 2550, 1848, 12099, 4069, 60, -94.264, -110.231, 0x337
0x157A, 5766, 13:285:777, 1030, 743.265, 747, 6981, 1805, 2395, 13888, 5386, 72, -93.491, -104.617, 0x3DF
0x1639, 3265, 4:634:806, 635, 745.906, 750, 4348, 2718, 1658, 16691, 6747, 48, -88.670, -103.834, 0x297
0x14D3, 6723, 10:939:744, 1030, 740.375, 747, 1099, 2675, 2180, 12163, 4020, 52, -94.220, -110.181, 0x2D9
0x157A, 5742, 13:456:968, 1031, 746.328, 750, 7915, 2056, 2411, 14757, 5617, 64, -93.664, -103.609, 0x37A
0x1639, 3002, 4:805:998, 784, 747.812, 751, 6818, 3706, 2375, 19794, 9328, 64, -88.246, -101.559, 0x37A
0x14D3, 6657, 11:110:935, 1030, 742.250, 749, 1515, 2472, 2049, 11092, 4060, 68, -94.263, -110.008, 0x39D
0x157A, 5738, 13:628:159, 1031, 741.406, 745, 4658, 2216, 2117, 13174, 4585, 60, -94.783, -107.920, 0x341
0x1639, 3265, 4:977:189, 676, 741.968, 745, 5128, 3335, 1930, 17891, 7766, 52, -88.738, -102.804, 0x2CE
0x14D3, 6765, 11:282:126, 1031, 744.656, 752, 1738, 2799, 2029, 11261, 4272, 64, -94.476, -110.747, 0x367
0x157A, 5728, 13:799:350, 1029, 744.625, 748, 4951, 2472, 1904, 13232, 5440, 80, -93.542, -106.358, 0x444
0x1639, 3115, 5:148:380, 689, 743.703, 747, 6790, 3242, 2261, 19349, 8317, 68, -88.870, -100.400, 0x39C
0x14D3, 6662, 11:453:317, 1031, 746.703, 754, 1920, 2456, 1710, 12694, 4158, 64, -94.358, -110.013, 0x36C
0x157A, 5719, 13:970:541, 1031, 748.203, 752, 10026, 2955, 2351, 11611, 4498, 60, -94.700, -101.593, 0x346
0x1639, 3063, 5:319:571, 600, 745.578, 749, 5620, 2429, 1862, 17577, 6734, 64, -87.154, -101.819, 0x365
0x14D3, 6685, 11:624:509, 1030, 740.281, 747, 1076, 2389, 2006, 11524, 4107, 56, -94.313, -111.373, 0x308
0x157A, 5789, 14:141:731, 1032, 742.828, 746, 3570, 2884, 1791, 13071, 5659, 72, -93.688, -108.837, 0x3E1
0x1639, 3077, 5:490:762, 572, 747.484, 751, 6083, 2132, 1781, 17200, 6243, 52, -87.241, -100.617, 0x2C8
0x14D3, 6760, 11:795:699, 1032, 742.343, 749, 1300, 2683, 2108, 10940, 3960, 64, -94.138, -110.235, 0x379
0x157A, 5714, 14:312:922, 1031, 746.140, 750, 9392, 2398, 2480, 12858, 4617, 68, -94.813, -102.999, 0x3AB
0x1639, 2998, 5:661:953, 715, 741.468, 745, 8404, 3292, 2695, 19690, 7950, 68, -88.352, -99.654, 0x39B
0x14D3, 6723, 11:966:890, 1032, 744.187, 751, 782, 2680, 2295, 12106, 4103, 56, -94.292, -110.146, 0x302
0x157A, 5742, 14:484:113, 1030, 741.156, 745, 9238, 1896, 2450, 13037, 4568, 64, -94.775, -102.777, 0x370
0x1639, 3035, 5:833:144, 550, 743.296, 747, 8852, 2046, 2051, 17299, 5385, 60, -88.939, -97.835, 0x32C
0x14D3, 6718, 12:138:082, 1031, 745.890, 753, 2731, 2249, 1367, 12928, 4319, 56, -94.523, -110.573, 0x304
0x157A, 5738, 14:655:304, 1031, 744.062, 748, 10379, 2768, 2734, 11247, 4559, 60, -94.758, -101.888, 0x33E
0x1639, 2988, 6:004:335, 556, 745.578, 749, 6306, 2214, 1724, 16558, 5708, 60, -87.098, -99.138, 0x324
0x14D3, 6676, 12:309:273, 1031, 739.843, 747, 2537, 2073, 1308, 12753, 4221, 64, -94.424, -111.944, 0x36B
0x157A, 5733, 14:826:495, 1030, 747.093, 751, 9698, 1716, 2278, 12341, 4580, 80, -94.787, -101.097, 0x43A
0x1639, 3049, 6:175:526, 617, 747.281, 751, 10463, 2271, 2485, 18915, 6788, 68, -88.946, -96.275, 0x391
0x14D3, 6756, 12:480:464, 1030, 742.265, 749, 918, 2820, 2322, 11768, 3896, 56, -94.084, -110.522, 0x307
0x157A, 5752, 14:997:686, 1031, 742.046, 746, 10965, 2352, 2624, 12229, 4581, 80, -94.779, -100.221, 0x445
0x1639, 3016, 6:346:718, 566, 741.218, 745, 10903, 2190, 2515, 17901, 5809, 60, -87.019, -95.342, 0x330
0x14D3, 6676, 12:651:655, 1031, 743.796, 751, 2588, 2384, 1559, 12677, 3990, 56, -94.179, -110.700, 0x308
0x157A, 5752, 15:168:877, 1032, 744.718, 748, 3298, 2297, 1582, 11447, 4444, 84, -94.639, -109.694, 0x46F
0x1639, 3049, 6:517:908, 582, 743.187, 747, 11897, 2236, 2613, 18208, 6178, 56, -87.045, -95.818, 0x2FD
0x14D3, 6732, 12:822:846, 1030, 745.921, 753, 2375, 2501, 1545, 13018, 4101, 60, -94.307, -110.551, 0x33A
0x157A, 5705, 15:340:068, 1030, 747.671, 751, 3772, 2164, 1558, 12085, 4628, 72, -94.832, -108.294, 0x3DF
0x1639, 3007, 6:689:100, 594, 745.171, 749, 12495, 2421, 2859, 17116, 5933, 48, -88.692, -94.092, 0x294
0x14D3, 6695, 12:994:037, 1031, 739.937, 747, 2143, 2367, 1517, 10670, 3877, 68, -94.054, -111.962, 0x3A0
0x157A, 5709, 15:511:258, 1031, 742.906, 746, 3897, 2585, 1464, 10998, 4398, 60, -94.602, -108.799, 0x344
0x1639, 3223, 6:860:291, 618, 749.421, 751, 72, 17729, 17291, 17728, 7343, 64, -87.274, -89.316, 0x364
0x14D3, 6704, 13:165:229, 1029, 740.890, 748, 2707, 1958, 1169, 11008, 3863, 64, -94.056, -111.990, 0x369
0x157A, 5756, 15:682:449, 1031, 745.296, 749, 6010, 1612, 2217, 12565, 4406, 72, -94.610, -105.393, 0x3DA
0x1639, 3401, 7:031:482, 618, 740.640, 744, 7034, 2831, 2078, 18507, 6995, 64, -87.063, -99.350, 0x364
0x14D3, 6727, 13:336:419, 1030, 743.062, 750, 819, 2493, 2364, 12481, 4028, 64, -94.229, -111.963, 0x372
0x157A, 5700, 15:853:640, 1029, 740.359, 744, 7143, 2051, 2149, 13072, 5370, 64, -93.486, -104.782, 0x379
0x1639, 3087, 7:202:673, 599, 742.234, 746, 10830, 2307, 2673, 18764, 6338, 60, -88.906, -96.842, 0x32A
0x14D3, 6713, 13:507:610, 1031, 744.718, 752, 2561, 2425, 1686, 13142, 4275, 60, -94.479, -110.836, 0x33B
0x157A, 5728, 16:024:831, 1030, 743.296, 747, 7034, 2047, 2369, 13054, 4542, 80, -94.750, -104.732, 0x44B
0x1639, 3021, 7:373:864, 522, 744.218, 748, 10551, 2078, 2395, 17037, 5221, 56, -87.259, -95.747, 0x2F2
0x14D3, 6662, 13:678:802, 1030, 746.406, 754, 1584, 2516, 1911, 11254, 4043, 64, -94.245, -111.969, 0x36A
0x157A, 5738, 16:196:022, 1031, 746.203, 750, 7955, 1796, 2413, 13696, 4694, 68, -94.885, -103.588, 0x3A2
0x1639, 2998, 7:545:055, 512, 746.171, 750, 10163, 1751, 2090, 16703, 4961, 52, -87.205, -95.516, 0x2C5
0x14D3, 6652, 13:849:993, 1031, 740.156, 747, 864, 2421, 2070, 12066, 4147, 60, -94.347, -111.366, 0x333
0x157A, 5752, 16:367:212, 1029, 741.203, 745, 7214, 1561, 2460, 13072, 4459, 72, -94.679, -104.831, 0x3D6
0x1639, 3021, 7:716:246, 554, 748.187, 752, 11643, 2302, 2494, 17963, 5850, 64, -87.236, -94.065, 0x35B
0x14D3, 6629, 14:021:184, 1030, 741.828, 749, 2808, 2192, 1387, 12125, 3958, 68, -94.153, -110.650, 0x39E
0x157A, 5756, 16:538:403, 1030, 744.250, 748, 8159, 1954, 2472, 13058, 4575, 64, -94.782, -103.839, 0x37D
0x1639, 3016, 7:887:437, 538, 742.187, 746, 11439, 2074, 2380, 17617, 5475, 52, -87.203, -94.130, 0x2C1
0x14D3, 6770, 14:192:375, 1031, 744.046, 751, 2106, 2708, 2555, 10988, 3820, 64, -95.990, -109.618, 0x371
0x157A, 5756, 16:709:595, 1030, 746.875, 751, 3127, 2415, 1416, 12018, 4672, 64, -94.873, -109.462, 0x37A
0x1639, 2998, 8:058:628, 578, 744.187, 748, 11600, 2343, 2749, 16601, 5503, 52, -88.602, -95.712, 0x2C5
0x14D3, 6732, 14:363:566, 1031, 745.203, 752, 925, 2703, 2171, 12244, 4242, 60, -94.445, -110.092, 0x33B
0x157A, 5719, 16:880:786, 1031, 742.078, 746, 10055, 2319, 2603, 12595, 4693, 56, -94.884, -101.535, 0x314
0x1639, 3016, 8:229:819, 641, 746.218, 750, 13868, 3203, 2974, 18962, 7255, 68, -88.904, -94.374, 0x39B
0x14D3, 6695, 14:534:757, 1031, 746.875, 754, 2497, 2333, 1481, 13068, 4036, 64, -94.229, -110.415, 0x36F
0x157A, 5766, 17:051:976, 1030, 744.890, 748, 3277, 2382, 1370, 10980, 4271, 76, -94.483, -109.625, 0x409
0x1639, 3002, 8:401:011, 719, 748.281, 752, 18075, 4350, 3495, 19924, 9120, 72, -88.900, -93.662, 0x3D2
0x14D3, 6746, 14:705:949, 1031, 740.546, 748, 2004, 2453, 1819, 12214, 4267, 64, -94.471, -110.247, 0x364
0x157A, 5761, 0:015:765, 1031, 747.421, 751, 5047, 1803, 1791, 12601, 4540, 56, -94.740, -106.036, 0x317
0x1639, 3453, 8:572:202, 803, 741.953, 745, 5795, 3963, 2359, 19605, 9744, 64, -88.228, -102.557, 0x36F
0x14D3, 6760, 14:877:139, 1030, 742.625, 749, 1354, 2673, 1951, 10908, 3805, 60, -95.981, -110.070, 0x33B
0x157A, 5719, 0:186:956, 1030, 742.468, 746, 4859, 2329, 2050, 13291, 4683, 60, -94.883, -106.219, 0x348
0x1639, 3087, 8:743:393, 755, 744.859, 747, 19120, 5640, 3907, 19119, 9383, 68, -88.599, -93.856, 0x39F
0x14D3, 6709, 15:048:330, 1032, 744.218, 751, 747, 2889, 2339, 12512, 4174, 68, -94.367, -110.562, 0x3A3
0x157A, 5728, 0:358:147, 1032, 745.640, 749, 3978, 2186, 1680, 11453, 4378, 64, -94.574, -108.683, 0x37E
0x1639, 3406, 8:914:584, 672, 745.515, 749, 7710, 2796, 2262, 19427, 7743, 68, -88.776, -99.308, 0x393
0x14D3, 6695, 15:219:522, 1032, 745.890, 753, 2509, 2523, 1610, 12834, 4214, 68, -94.408, -110.819, 0x3A1
0x157A, 5723, 0:529:338, 1030, 740.500, 744, 5005, 2174, 1914, 13096, 4581, 64, -94.787, -106.245, 0x36F
0x1639, 3016, 9:085:775, 607, 747.734, 751, 6286, 2652, 1822, 17910, 6923, 48, -87.174, -100.574, 0x298
0x14D3, 6732, 15:390:713, 1031, 739.250, 747, 1758, 2259, 1981, 11117, 4180, 64, -94.381, -111.829, 0x36E
0x157A, 5756, 0:700:529, 1032, 743.906, 747, 3905, 2469, 1378, 10970, 4399, 56, -94.595, -108.649, 0x317
0x1639, 3040, 9:256:966, 578, 741.828, 745, 6124, 2745, 1772, 17554, 6285, 56, -87.179, -100.849, 0x2FC
0x14D3, 6690, 15:561:904, 1031, 740.859, 748, 2799, 2652, 1654, 13646, 5153, 52, -93.290, -109.450, 0x2D8
0x157A, 5756, 0:871:720, 1031, 746.312, 750, 6063, 1914, 2187, 13582, 4516, 68, -94.717, -105.546, 0x3A6
0x1639, 3063, 9:428:157, 615, 743.484, 747, 6050, 2502, 2038, 16830, 6131, 56, -88.532, -100.204, 0x2FD
0x14D3, 6666, 15:733:095, 1031, 742.687, 750, 2708, 2202, 1568, 12060, 4005, 60, -94.195, -110.650, 0x33B
0x157A, 5723, 1:042:911, 1032, 741.156, 745, 9724, 1948, 2538, 13538, 5618, 96, -93.657, -101.189, 0x502
0x1639, 3035, 9:599:349, 557, 745.250, 749, 9550, 2040, 2422, 17913, 5883, 56, -87.213, -96.395, 0x2F9
0x14D3, 6713, 15:904:286, 1030, 744.328, 751, 1333, 2453, 2046, 11447, 4238, 64, -94.449, -111.787, 0x372
0x157A, 5770, 1:214:102, 1031, 744.203, 748, 7957, 1760, 2492, 12390, 4329, 76, -94.533, -103.605, 0x419
0x1639, 3044, 9:770:539, 605, 747.218, 751, 9227, 2088, 2598, 18090, 6283, 60, -88.781, -97.458, 0x32C
0x14D3, 6699, 16:075:477, 1032, 745.859, 753, 2332, 2382, 1499, 13044, 4271, 60, -94.466, -110.244, 0x336
0x157A, 5752, 1:385:292, 1030, 746.906, 751, 2887, 2393, 1374, 12026, 4670, 84, -94.871, -109.030, 0x475
0x1639, 2969, 9:941:730, 549, 741.156, 745, 12184, 2405, 2675, 17211, 5651, 56, -87.164, -94.547, 0x2F7
0x14D3, 6699, 16:246:669, 1032, 739.125, 746, 920, 2568, 2086, 12123, 4149, 60, -94.340, -111.702, 0x336
0x157A, 5761, 1:556:483, 1031, 741.453, 745, 5208, 2150, 2004, 12890, 4566, 68, -94.765, -106.529, 0x3A0
0x1639, 3016, 10:112:921, 632, 743.171, 747, 15762, 3359, 3111, 18580, 7409, 56, -87.118, -93.549, 0x301
0x14D3, 6648, 16:417:859, 1031, 740.703, 748, 2504, 2808, 1931, 11744, 4760, 64, -94.945, -109.519, 0x36C
0x157A, 5728, 1:727:674, 1030, 744.265, 748, 7006, 1759, 2363, 12187, 4388, 60, -94.601, -104.619, 0x342
0x1639, 3049, 10:284:113, 642, 744.765, 748, 4838, 2684, 1779, 16499, 6796, 52, -88.606, -102.395, 0x2CE
0x14D3, 6737, 16:589:050, 1031, 742.640, 749, 954, 2837, 2058, 11659, 3824, 60, -95.995, -110.198, 0x33A
0x157A, 5742, 1:898:865, 1032, 746.968, 751, 2606, 2523, 1357, 12145, 4616, 64, -94.804, -110.746, 0x376
0x1639, 3242, 10:455:304, 529, 746.218, 750, 11755, 2260, 2323, 17169, 5428, 56, -87.312, -94.513, 0x2FA
0x14D3, 6610, 16:760:242, 1034, 742.859, 750, 2842, 2510, 1539, 13488, 5203, 64, -93.307, -109.208, 0x369
0x157A, 5752, 2:070:056, 1034, 741.265, 745, 6534, 1724, 2308, 13558, 4665, 60, -94.833, -104.044, 0x341
0x1639, 3035, 10:626:494, 561, 748.218, 752, 10881, 2231, 2323, 17200, 5386, 56, -88.768, -95.378, 0x2F7
0x14D3, 6615, 16:931:432, 1032, 744.906, 752, 2717, 2154, 1254, 11739, 4092, 60, -94.280, -110.319, 0x339
0x157A, 5719, 2:241:247, 1032, 744.171, 748, 8785, 1898, 2444, 12254, 4399, 64, -94.595, -102.369, 0x378
0x1639, 3026, 10:797:686, 612, 742.218, 746, 14048, 3018, 2791, 17606, 6282, 52, -88.681, -94.834, 0x2CC
0x14D3, 6666, 17:102:624, 1032, 746.828, 754, 2171, 2504, 1627, 13287, 4293, 60, -94.489, -110.331, 0x33A
0x157A, 5728, 2:412:438, 1031, 746.921, 750, 2700, 2323, 1332, 11374, 4397, 64, -94.601, -110.596, 0x374
0x1639, 3274, 10:968:877, 744, 743.578, 747, 8309, 3623, 2701, 20420, 9176, 72, -88.630, -99.344, 0x3D3
0x14D3, 6727, 0:066:414, 1032, 740.406, 747, 961, 2661, 2051, 12537, 4149, 60, -94.340, -111.853, 0x33B
0x157A, 5789, 2:583:629, 1032, 741.187, 745, 8270, 1981, 2865, 14818, 5847, 56, -93.830, -102.045, 0x30E
0x1639, 3105, 11:140:068, 635, 745.359, 749, 7386, 2457, 2304, 19003, 7121, 60, -88.905, -99.393, 0x337
0x14D3, 6662, 0:237:605, 1031, 741.671, 749, 2752, 2068, 1463, 11967, 3944, 60, -94.129, -110.453, 0x33E
0x157A, 5738, 2:754:819, 1031, 744.156, 748, 8571, 1650, 2236, 10980, 4119, 80, -94.317, -102.089, 0x443
