0x157A, 6760, 1:860:239, 1030, 744.656, 746, 6584, 8578, 6041, 8577, 3547, 56, -95.676, -100.862, 0x301
0x14D3, 5883, 2:657:178, 1032, 745.796, 749, 4643, 6103, 4062, 9496, 3187, 48, -95.195, -103.754, 0x2A3
0x15B2, 3087, 14:253:993, 709, 743.140, 747, 13831, 3396, 3135, 20386, 9243, 80, -87.080, -95.523, 0x442
0x157A, 6756, 2:031:429, 1000, 750.609, 752, 6841, 8197, 5886, 8196, 3186, 64, -95.467, -100.981, 0x36D
0x14D3, 5817, 2:828:369, 1032, 741.625, 745, 4534, 5452, 4018, 8113, 3006, 60, -96.941, -103.209, 0x340
0x15B2, 3171, 14:425:183, 544, 747.843, 751, 14483, 3661, 2544, 18140, 6672, 92, -87.965, -92.158, 0x4D3
0x157A, 6737, 2:202:620, 1031, 748.125, 750, 4417, 7503, 7463, 7502, 3428, 52, -95.520, -100.184, 0x2D1
0x14D3, 5897, 2:999:559, 1032, 746.156, 750, 7403, 4720, 5640, 9223, 3324, 56, -95.378, -101.356, 0x313
0x15B2, 3439, 14:596:373, 517, 745.546, 747, 107, 16695, 14309, 16694, 6128, 76, -86.038, -89.833, 0x404
0x157A, 6784, 2:373:810, 1030, 745.921, 747, 6904, 8394, 5257, 8393, 3519, 60, -95.642, -100.639, 0x33A
0x14D3, 5817, 3:170:750, 1036, 742.171, 746, 5795, 5494, 4716, 8000, 2979, 68, -96.868, -102.298, 0x3A1
0x15B2, 3429, 14:767:563, 605, 749.484, 751, 53, 19030, 17003, 19029, 8178, 84, -87.926, -89.762, 0x475
0x157A, 6695, 2:545:001, 1004, 743.218, 745, 5030, 8361, 7226, 8360, 3441, 52, -95.767, -100.910, 0x2D3
0x14D3, 5813, 3:341:941, 1031, 746.421, 750, 4235, 5410, 4690, 9529, 3258, 52, -95.299, -103.395, 0x2D1
0x15B2, 3040, 14:938:753, 561, 742.156, 746, 10217, 2235, 2456, 18116, 6465, 68, -87.561, -96.903, 0x397
0x157A, 6727, 2:716:191, 1031, 748.968, 750, 7822, 8421, 5122, 8420, 3623, 60, -95.760, -100.990, 0x33D
0x14D3, 5864, 3:513:131, 1031, 743.062, 747, 8081, 6044, 6745, 9771, 4241, 52, -94.444, -100.677, 0x2DF
0x15B2, 2988, 15:109:944, 535, 745.781, 750, 3737, 2139, 1428, 17035, 5975, 60, -87.631, -103.827, 0x335
0x157A, 6746, 2:887:382, 969, 746.406, 748, 6143, 7802, 5994, 7801, 3115, 48, -95.643, -100.821, 0x29F
0x14D3, 5883, 3:684:322, 1031, 746.875, 751, 4548, 5753, 3510, 10416, 3445, 72, -95.541, -103.196, 0x3CC
0x15B2, 3016, 15:281:133, 555, 741.828, 746, 3825, 2267, 1480, 16895, 6118, 64, -87.415, -103.790, 0x36E
0x157A, 6746, 3:058:572, 1032, 744.046, 745, 4745, 8769, 9103, 9102, 4773, 60, -94.949, -99.593, 0x331
0x14D3, 5775, 3:855:513, 1031, 743.156, 747, 5525, 5393, 5495, 10040, 3869, 52, -94.045, -102.527, 0x2D2
0x15B2, 3007, 15:452:324, 600, 745.828, 750, 4265, 2616, 1699, 18422, 7355, 68, -87.537, -102.156, 0x3A0
0x157A, 6798, 3:229:763, 999, 750.093, 751, 4164, 7417, 7587, 7586, 3248, 56, -95.559, -100.405, 0x2FD
0x14D3, 5869, 4:026:703, 1031, 739.921, 744, 5558, 5960, 3521, 9930, 4263, 68, -94.467, -103.960, 0x3AC
0x15B2, 3101, 15:623:514, 604, 742.390, 746, 14475, 3985, 2906, 18351, 7374, 72, -87.491, -93.328, 0x3D2
0x157A, 6788, 3:400:953, 1033, 747.937, 749, 7209, 8541, 5377, 8540, 3442, 56, -95.521, -100.848, 0x30C
0x14D3, 5874, 4:197:894, 1031, 744.765, 749, 5714, 6911, 4594, 10182, 4641, 68, -94.836, -101.060, 0x3B4
0x15B2, 3101, 15:794:704, 672, 746.546, 750, 14157, 4153, 2967, 19781, 8607, 76, -87.236, -94.262, 0x40A
0x157A, 6713, 3:572:143, 1032, 745.390, 747, 5845, 8540, 6581, 8539, 3474, 52, -95.569, -100.759, 0x2D4
0x14D3, 5869, 4:369:085, 1031, 740.984, 745, 4163, 5847, 3302, 9944, 3116, 64, -95.105, -104.948, 0x36D
0x15B2, 3059, 15:965:894, 671, 742.187, 746, 13945, 3583, 3247, 19639, 8506, 72, -87.197, -94.107, 0x3DF
0x157A, 6709, 3:743:334, 999, 743.281, 745, 5248, 8115, 6804, 8114, 3260, 56, -95.575, -100.720, 0x309
0x14D3, 5817, 4:540:276, 1031, 745.875, 749, 4278, 5784, 3664, 8836, 3225, 56, -95.255, -103.136, 0x310
0x15B2, 2993, 16:137:084, 525, 745.765, 750, 3289, 2056, 1396, 16835, 5684, 52, -87.578, -103.159, 0x2CD
0x157A, 6690, 3:914:524, 1030, 748.984, 750, 7826, 8865, 5393, 8864, 3701, 52, -95.861, -99.280, 0x2DA
0x14D3, 5770, 4:711:466, 1031, 742.312, 746, 5435, 5812, 5111, 8531, 3100, 56, -95.083, -102.510, 0x2FE
0x15B2, 3040, 16:308:275, 539, 741.890, 746, 2822, 2150, 1354, 16615, 5786, 64, -87.427, -104.217, 0x361
0x157A, 6718, 4:085:715, 1032, 746.812, 748, 7720, 8206, 5392, 8205, 3636, 56, -95.767, -100.917, 0x302
0x14D3, 5906, 4:882:657, 1031, 746.953, 751, 3951, 5524, 3269, 9197, 3063, 48, -95.031, -104.539, 0x295
0x15B2, 3068, 16:479:465, 661, 746.281, 750, 15366, 3863, 3036, 19562, 8460, 76, -87.304, -93.009, 0x40E
0x157A, 6713, 4:256:905, 1031, 744.359, 746, 5903, 8451, 6487, 8450, 3556, 64, -95.679, -100.707, 0x36D
0x14D3, 5752, 5:053:848, 1032, 744.156, 748, 7224, 4772, 5198, 9454, 3247, 68, -95.276, -101.071, 0x3B1
0x15B2, 3087, 16:650:654, 550, 742.265, 746, 13055, 3099, 2444, 17353, 6110, 68, -87.488, -93.148, 0x39D
0x157A, 6784, 4:428:096, 999, 750.046, 751, 4756, 8825, 8848, 8847, 4416, 60, -94.894, -99.792, 0x341
0x14D3, 5836, 5:225:039, 1032, 740.656, 744, 4515, 6205, 4436, 9277, 3381, 52, -95.451, -103.938, 0x2E0
0x15B2, 3012, 16:821:846, 608, 745.828, 750, 5247, 2727, 1777, 18191, 7710, 68, -87.627, -101.394, 0x39A
0x157A, 6709, 4:599:286, 1001, 747.421, 749, 5742, 7826, 5955, 7825, 3136, 48, -95.390, -100.380, 0x2A2
0x14D3, 5813, 5:396:229, 1032, 744.843, 749, 4046, 5085, 3176, 9412, 3034, 64, -96.981, -104.172, 0x36F
0x15B2, 3035, 16:993:034, 620, 741.265, 745, 9435, 2625, 2515, 18907, 7549, 68, -87.366, -97.508, 0x39F
0x157A, 6751, 4:770:477, 1000, 744.937, 746, 6303, 7354, 4602, 7353, 3082, 60, -95.323, -101.866, 0x33D
0x14D3, 5906, 5:567:420, 1032, 741.140, 745, 6967, 5025, 5512, 7748, 2890, 68, -96.770, -101.163, 0x3C2
0x15B2, 3457, 17:164:224, 506, 747.562, 749, 90, 16547, 13864, 16546, 5842, 76, -86.017, -89.861, 0x405
0x157A, 6756, 4:941:667, 1031, 750.046, 752, 4140, 8150, 8143, 8149, 3639, 60, -95.779, -100.751, 0x33A
0x14D3, 5808, 5:738:611, 1032, 745.734, 750, 4438, 4890, 3354, 8353, 2924, 68, -96.821, -104.378, 0x3AD
0x15B2, 3063, 0:128:014, 598, 748.937, 753, 4081, 2802, 1762, 18026, 7372, 72, -87.576, -102.136, 0x3CA
0x157A, 6746, 5:112:858, 1033, 747.609, 749, 7820, 9920, 7159, 9919, 4874, 56, -93.031, -98.216, 0x30D
0x14D3, 5841, 5:909:801, 1032, 743.125, 747, 6573, 5423, 5315, 9721, 3216, 52, -95.234, -101.023, 0x2DC
0x15B2, 2988, 0:299:204, 747, 744.750, 749, 6022, 3214, 2202, 20464, 10473, 84, -87.169, -102.906, 0x483
0x157A, 6723, 5:284:048, 936, 745.187, 747, 4804, 7115, 6306, 7114, 2770, 48, -95.434, -100.383, 0x297
0x14D3, 5799, 6:080:992, 1032, 739.203, 743, 5833, 4791, 4597, 8705, 2950, 60, -96.859, -103.913, 0x346
0x15B2, 3007, 0:470:394, 781, 748.578, 753, 7205, 3707, 2739, 20131, 11265, 92, -87.099, -100.049, 0x4DB
0x157A, 6718, 5:455:239, 999, 751.109, 753, 3996, 7974, 7934, 7973, 3346, 52, -95.689, -100.806, 0x2CC
0x14D3, 5822, 6:252:183, 1032, 744.437, 748, 5322, 5897, 4903, 9598, 3456, 60, -95.547, -102.388, 0x33B
0x15B2, 2993, 0:641:584, 625, 744.265, 748, 8580, 2460, 2343, 18771, 7791, 72, -87.433, -98.644, 0x3D8
0x157A, 6760, 5:626:429, 1030, 748.390, 750, 5979, 8784, 6908, 8783, 3581, 56, -95.718, -99.061, 0x2FE
0x14D3, 5817, 6:423:374, 1032, 741.218, 745, 6587, 5900, 5584, 10357, 3446, 48, -95.534, -101.375, 0x29A
0x15B2, 3035, 0:812:774, 505, 748.109, 752, 9499, 2239, 2032, 16485, 5277, 56, -87.593, -95.166, 0x303
0x157A, 6671, 5:797:620, 1032, 746.234, 748, 5340, 7234, 6359, 7233, 3292, 52, -95.336, -101.824, 0x2CE
0x14D3, 5813, 6:594:564, 1032, 745.921, 750, 5155, 6189, 3741, 10179, 4501, 64, -94.694, -103.955, 0x36D
0x15B2, 3410, 0:983:964, 681, 746.562, 748, 88, 19646, 16774, 19645, 9062, 80, -87.344, -90.840, 0x43F
0x157A, 6760, 5:968:810, 1031, 744.078, 745, 3743, 7269, 8080, 8079, 3544, 48, -95.664, -100.205, 0x2A3
0x14D3, 5869, 6:765:755, 1032, 742.937, 747, 5907, 7206, 4158, 9688, 4543, 84, -94.734, -101.161, 0x46E
0x15B2, 3021, 1:155:155, 553, 747.812, 752, 4518, 2455, 1617, 16941, 6334, 64, -87.597, -101.037, 0x367
0x157A, 6746, 6:140:001, 1030, 749.640, 751, 6844, 9034, 6417, 9033, 3738, 52, -95.904, -99.298, 0x2D8
0x14D3, 5822, 6:936:945, 1032, 747.640, 751, 4370, 6022, 4268, 10451, 3296, 56, -95.341, -103.653, 0x303
0x15B2, 3040, 1:326:345, 598, 743.609, 747, 6821, 2492, 1844, 17711, 7453, 68, -87.624, -99.218, 0x39E
0x157A, 6746, 6:311:191, 1001, 747.171, 749, 5032, 8212, 7425, 8211, 3389, 56, -95.727, -100.950, 0x306
0x14D3, 5813, 7:108:136, 1033, 744.203, 748, 6437, 5047, 5748, 9278, 3127, 52, -95.104, -102.975, 0x2DC
0x15B2, 3044, 1:497:535, 570, 747.359, 751, 7624, 2231, 1973, 17668, 6734, 68, -87.600, -98.402, 0x398
0x157A, 6756, 6:482:381, 1000, 744.765, 746, 6803, 8113, 5497, 8112, 3289, 52, -95.605, -100.792, 0x2CF
0x14D3, 5784, 7:279:327, 1001, 740.734, 745, 4550, 5593, 3810, 8771, 3138, 44, -95.392, -103.479, 0x267
0x15B2, 3077, 1:668:725, 576, 743.156, 747, 12706, 2817, 2586, 18114, 6894, 64, -87.611, -94.508, 0x363
0x157A, 6690, 6:653:572, 999, 750.203, 752, 5815, 8219, 7036, 8218, 4028, 60, -94.494, -99.054, 0x336
0x14D3, 5841, 7:450:518, 1033, 745.625, 749, 5461, 6264, 4433, 10692, 4550, 72, -94.733, -102.457, 0x3D4
0x15B2, 3002, 1:839:915, 733, 746.890, 751, 5259, 3351, 2119, 20359, 10074, 76, -87.165, -102.330, 0x412
0x157A, 6760, 6:824:762, 1033, 747.671, 749, 6985, 8870, 6258, 8869, 3713, 56, -95.850, -99.195, 0x304
0x14D3, 5817, 7:621:708, 1033, 742.015, 746, 6472, 4464, 5335, 8649, 2938, 56, -96.833, -102.533, 0x301
0x15B2, 3077, 2:011:105, 561, 742.703, 746, 6498, 2540, 1774, 17286, 6563, 68, -87.626, -99.425, 0x39E
0x157A, 6751, 6:995:953, 1032, 745.078, 746, 4773, 8458, 8805, 8804, 4615, 68, -94.803, -99.337, 0x3A5
0x14D3, 5738, 7:792:899, 1033, 746.656, 751, 4202, 5361, 3898, 9147, 3427, 52, -95.502, -104.873, 0x2C9
0x15B2, 2974, 2:182:296, 510, 745.859, 750, 2249, 2005, 1237, 16528, 5449, 56, -87.646, -105.365, 0x2FB
0x157A, 6746, 7:167:143, 1031, 742.687, 744, 7578, 9322, 6540, 9321, 4515, 56, -94.716, -99.715, 0x308
0x14D3, 5414, 7:964:090, 1033, 743.125, 747, 6575, 4274, 5399, 8160, 2810, 72, -96.640, -102.551, 0x3F6
0x15B2, 3077, 2:353:486, 678, 750.250, 754, 15870, 3893, 3381, 19606, 8784, 84, -87.247, -93.082, 0x469
0x157A, 6742, 7:338:334, 1030, 748.156, 750, 5171, 8963, 8250, 8962, 4537, 64, -94.746, -99.437, 0x36B
0x14D3, 5508, 8:135:280, 1033, 740.625, 744, 5143, 6226, 4511, 8464, 3187, 56, -95.186, -102.300, 0x308
0x15B2, 2979, 2:524:676, 611, 745.375, 749, 7115, 2353, 1977, 18101, 7734, 72, -87.598, -99.325, 0x3D5
0x157A, 6770, 7:509:524, 1032, 745.718, 747, 6599, 8663, 5987, 8662, 3626, 64, -95.755, -100.873, 0x36B
0x14D3, 5789, 8:306:471, 1033, 745.140, 749, 7723, 5986, 6147, 11558, 4666, 68, -94.842, -100.225, 0x3A7
0x15B2, 3040, 2:695:866, 532, 741.156, 745, 10331, 2160, 2255, 16851, 5714, 60, -87.486, -95.404, 0x331
0x157A, 6746, 7:680:715, 1031, 743.140, 745, 4364, 8330, 7939, 8329, 3672, 56, -95.818, -100.797, 0x30B
0x14D3, 5817, 8:477:662, 1033, 741.750, 745, 4416, 6083, 4156, 8356, 3008, 56, -96.935, -103.657, 0x304
0x15B2, 3420, 2:867:056, 573, 747.546, 749, 30, 17618, 14881, 17617, 6724, 64, -87.548, -89.354, 0x367
0x157A, 6737, 7:851:905, 998, 748.875, 750, 7140, 7491, 4714, 7490, 3137, 64, -95.417, -100.393, 0x369
[ERR : UWBtwr    ] [0x14D3] Failed RX Reply
[ERR : UWBtwr    ] [0x14D3] Failed RX Report
, 998, 748.875, 750, 7140, 7491, 4714, 7490, 3137, 64, -95.417, -100.393, 0x369
0x15B2, 3096, 3:038:246, 626, 749.453, 753, 15378, 4309, 3303, 19384, 8433, 96, -87.763, -93.576, 0x51C
0x157A, 6732, 8:023:096, 1000, 746.312, 748, 5792, 8252, 6635, 8251, 3340, 52, -95.672, -100.893, 0x2D4
[ERR : UWBtwr    ] [0x14D3] Failed RX Reply
[ERR : UWBtwr    ] [0x14D3] Failed RX Report
, 1000, 746.312, 748, 5792, 8252, 6635, 8251, 3340, 52, -95.672, -100.893, 0x2D4
0x15B2, 2974, 3:209:436, 659, 744.625, 749, 6115, 2989, 2183, 18854, 9026, 68, -87.612, -101.965, 0x39C
0x157A, 6713, 8:194:286, 1032, 744.203, 746, 5084, 8149, 7484, 8148, 3523, 52, -95.630, -100.696, 0x2DA
[ERR : UWBtwr    ] [0x14D3] Failed RX Reply
[ERR : UWBtwr    ] [0x14D3] Failed RX Report
, 1032, 744.203, 746, 5084, 8149, 7484, 8148, 3523, 52, -95.630, -100.696, 0x2DA
0x15B2, 3059, 3:380:626, 580, 748.937, 752, 5150, 2873, 1873, 18282, 8106, 80, -86.254, -101.821, 0x442
0x157A, 6742, 8:365:477, 1031, 749.875, 751, 8355, 9379, 5995, 9378, 4636, 64, -94.831, -99.866, 0x376
[ERR : UWBtwr    ] [0x14D3] Failed RX Reply
[ERR : UWBtwr    ] [0x14D3] Failed RX Report
, 1031, 749.875, 751, 8355, 9379, 5995, 9378, 4636, 64, -94.831, -99.866, 0x376
0x15B2, 3157, 3:551:817, 762, 744.343, 748, 9220, 3284, 2874, 20251, 11262, 88, -87.312, -99.793, 0x4B1
0x157A, 6788, 8:536:667, 1001, 748.015, 749, 3719, 7264, 8400, 8399, 3374, 48, -95.707, -100.623, 0x29F
[ERR : UWBtwr    ] [0x14D3] Failed RX Reply
[ERR : UWBtwr    ] [0x14D3] Failed RX Report
, 1001, 748.015, 749, 3719, 7264, 8400, 8399, 3374, 48, -95.707, -100.623, 0x29F
0x15B2, 3035, 3:723:007, 595, 748.343, 752, 8880, 2636, 2359, 19326, 7609, 96, -87.758, -97.377, 0x509
0x157A, 6713, 8:707:857, 1000, 745.281, 747, 4900, 7923, 6703, 7922, 3224, 60, -95.519, -100.456, 0x335
[ERR : UWBtwr    ] [0x14D3] Failed RX Reply
[ERR : UWBtwr    ] [0x14D3] Failed RX Report
, 1000, 745.281, 747, 4900, 7923, 6703, 7922, 3224, 60, -95.519, -100.456, 0x335
0x15B2, 2979, 3:894:197, 602, 744.593, 748, 6963, 2533, 1909, 18746, 8116, 88, -87.936, -99.342, 0x4A3
0x157A, 6756, 8:879:048, 1034, 743.078, 744, 4558, 8028, 8071, 8070, 3719, 56, -95.848, -100.741, 0x300
[ERR : UWBtwr    ] [0x14D3] Failed RX Reply
[ERR : UWBtwr    ] [0x14D3] Failed RX Report
, 1034, 743.078, 744, 4558, 8028, 8071, 8070, 3719, 56, -95.848, -100.741, 0x300
0x15B2, 3049, 4:065:387, 579, 748.765, 752, 6039, 2787, 1886, 17294, 7148, 72, -87.723, -100.800, 0x3CA
0x157A, 6746, 9:050:239, 1001, 749.156, 751, 4858, 8389, 7820, 8388, 3444, 60, -95.797, -99.158, 0x333
[ERR : UWBtwr    ] [0x14D3] Failed RX Reply
[ERR : UWBtwr    ] [0x14D3] Failed RX Report
, 1001, 749.156, 751, 4858, 8389, 7820, 8388, 3444, 60, -95.797, -99.158, 0x333
0x15B2, 2974, 4:236:577, 574, 744.359, 748, 6106, 2297, 1916, 17066, 7196, 64, -87.827, -100.731, 0x363
0x157A, 6774, 9:221:429, 1000, 747.015, 748, 3760, 6321, 7324, 7323, 3075, 52, -95.313, -101.583, 0x2CD
[ERR : UWBtwr    ] [0x14D3] Failed RX Reply
[ERR : UWBtwr    ] [0x14D3] Failed RX Report
, 1000, 747.015, 748, 3760, 6321, 7324, 7323, 3075, 52, -95.313, -101.583, 0x2CD
0x15B2, 3040, 4:407:767, 552, 748.765, 753, 4091, 2450, 1621, 16536, 6435, 64, -87.681, -102.463, 0x368
0x157A, 6742, 9:392:619, 1031, 744.875, 746, 7402, 8355, 5287, 8354, 3554, 64, -95.677, -100.828, 0x372
[ERR : UWBtwr    ] [0x14D3] Failed RX Reply
[ERR : UWBtwr    ] [0x14D3] Failed RX Report
, 1031, 744.875, 746, 7402, 8355, 5287, 8354, 3554, 64, -95.677, -100.828, 0x372
0x15B2, 3429, 4:578:958, 550, 747.515, 749, 63, 17882, 15763, 17881, 7230, 84, -86.219, -89.998, 0x46B
0x157A, 6742, 9:563:810, 1030, 742.859, 744, 7259, 8504, 5479, 8503, 3520, 60, -95.643, -100.907, 0x33A
[ERR : UWBtwr    ] [0x14D3] Failed RX Reply
[ERR : UWBtwr    ] [0x14D3] Failed RX Report
, 1030, 742.859, 744, 7259, 8504, 5479, 8503, 3520, 60, -95.643, -100.907, 0x33A
0x15B2, 3073, 4:750:147, 546, 741.218, 745, 12299, 2594, 2813, 18526, 6812, 92, -86.023, -94.714, 0x4D1
0x157A, 6770, 9:735:000, 1032, 748.578, 750, 7339, 10126, 7363, 10125, 4785, 68, -94.960, -98.221, 0x3A5
[ERR : UWBtwr    ] [0x14D3] Failed RX Reply
[ERR : UWBtwr    ] [0x14D3] Failed RX Report
, 1032, 748.578, 750, 7339, 10126, 7363, 10125, 4785, 68, -94.960, -98.221, 0x3A5
0x15B2, 2983, 4:921:338, 595, 745.328, 749, 8968, 2343, 2219, 18963, 7770, 96, -87.848, -97.352, 0x50A
0x157A, 6713, 9:906:191, 1031, 746.421, 748, 6069, 8636, 6436, 8635, 3597, 48, -95.729, -100.837, 0x2A0
[ERR : UWBtwr    ] [0x14D3] Failed RX Reply
[ERR : UWBtwr    ] [0x14D3] Failed RX Report
, 1031, 746.421, 748, 6069, 8636, 6436, 8635, 3597, 48, -95.729, -100.837, 0x2A0
0x15B2, 3040, 5:092:528, 652, 741.406, 745, 8362, 2987, 2472, 19737, 8786, 104, -87.588, -98.266, 0x57D
0x157A, 6713, 10:077:382, 1031, 744.656, 746, 5657, 7381, 5193, 7380, 3193, 60, -95.211, -101.542, 0x33B
[ERR : UWBtwr    ] [0x14D3] Failed RX Reply
[ERR : UWBtwr    ] [0x14D3] Failed RX Report
, 1031, 744.656, 746, 5657, 7381, 5193, 7380, 3193, 60, -95.211, -101.542, 0x33B
0x15B2, 3420, 5:263:718, 524, 748.531, 750, 95, 17603, 14722, 17602, 6482, 72, -86.165, -88.088, 0x3D7
0x157A, 6742, 10:248:571, 1033, 743.015, 744, 3757, 7696, 8190, 8189, 3614, 56, -95.732, -100.452, 0x30C
[ERR : UWBtwr    ] [0x14D3] Failed RX Reply
[ERR : UWBtwr    ] [0x14D3] Failed RX Report
, 1033, 743.015, 744, 3757, 7696, 8190, 8189, 3614, 56, -95.732, -100.452, 0x30C
0x15B2, 3134, 5:434:908, 667, 742.609, 746, 15059, 4549, 3305, 19362, 8765, 84, -87.380, -94.900, 0x46D
0x157A, 6737, 10:419:762, 1032, 748.796, 750, 7714, 8689, 5789, 8688, 3723, 60, -95.870, -99.252, 0x333
[ERR : UWBtwr    ] [0x14D3] Failed RX Reply
[ERR : UWBtwr    ] [0x14D3] Failed RX Report
, 1032, 748.796, 750, 7714, 8689, 5789, 8688, 3723, 60, -95.870, -99.252, 0x333
0x15B2, 3077, 5:606:098, 712, 746.281, 750, 16461, 4594, 3357, 20356, 9920, 76, -87.350, -93.029, 0x40E
0x157A, 6737, 10:590:953, 999, 746.781, 748, 6330, 7147, 4782, 7146, 3075, 52, -95.322, -101.838, 0x2D5
[ERR : UWBtwr    ] [0x14D3] Failed RX Reply
[ERR : UWBtwr    ] [0x14D3] Failed RX Report
, 999, 746.781, 748, 6330, 7147, 4782, 7146, 3075, 52, -95.322, -101.838, 0x2D5
0x15B2, 3021, 5:777:288, 515, 742.125, 746, 8254, 2058, 2114, 17045, 5776, 64, -87.815, -97.879, 0x367
0x157A, 6723, 10:762:144, 1033, 744.734, 746, 7126, 8189, 5600, 8188, 3549, 52, -95.654, -100.715, 0x2D3
[ERR : UWBtwr    ] [0x14D3] Failed RX Reply
[ERR : UWBtwr    ] [0x14D3] Failed RX Report
, 1033, 744.734, 746, 7126, 8189, 5600, 8188, 3549, 52, -95.654, -100.715, 0x2D3
0x15B2, 2998, 5:948:479, 671, 746.609, 751, 5992, 2960, 2159, 18975, 9054, 76, -87.469, -101.656, 0x408
0x157A, 6770, 10:933:333, 1000, 742.937, 744, 7185, 8434, 5319, 8433, 3442, 60, -95.803, -99.051, 0x343
0x14D3, 5644, 0:089:319, 1030, 747.796, 752, 4620, 5157, 3401, 8148, 2976, 68, -96.914, -104.748, 0x3A8
0x15B2, 3181, 6:119:669, 549, 743.828, 747, 14900, 3651, 2498, 17976, 6742, 84, -87.931, -92.299, 0x46A
0x157A, 6742, 11:104:524, 1031, 748.593, 750, 6934, 9076, 6629, 9075, 3619, 60, -95.755, -99.410, 0x33B
0x14D3, 5850, 0:260:510, 1031, 744.640, 748, 4865, 5979, 4336, 9158, 3354, 68, -95.425, -103.927, 0x3A9
0x15B2, 3044, 6:290:859, 540, 747.187, 751, 12031, 2773, 2389, 17351, 6112, 64, -87.649, -94.602, 0x367
0x157A, 6779, 11:275:715, 902, 746.796, 748, 6503, 7175, 4769, 7174, 2702, 48, -95.647, -100.819, 0x29B
0x14D3, 5808, 0:431:701, 1031, 748.125, 752, 6783, 5082, 5477, 8405, 2965, 48, -96.890, -101.073, 0x29A
0x15B2, 3040, 6:462:049, 573, 743.234, 747, 12716, 2793, 2535, 18161, 6726, 60, -87.549, -94.550, 0x330
0x157A, 6737, 11:446:905, 1032, 744.328, 746, 5328, 7497, 6146, 7496, 3310, 56, -95.359, -101.863, 0x30B
0x14D3, 5827, 0:602:892, 1031, 744.375, 748, 6546, 6345, 6006, 11460, 4763, 68, -94.948, -101.756, 0x3A2
0x15B2, 3204, 6:633:239, 539, 747.296, 751, 6946, 2115, 1929, 17851, 6824, 84, -86.143, -98.144, 0x472
0x157A, 6746, 11:618:095, 967, 750.281, 752, 5430, 8064, 6644, 8063, 3122, 56, -95.670, -100.970, 0x2FE
0x14D3, 5822, 0:774:082, 1031, 740.312, 744, 5813, 5683, 5030, 9383, 3260, 56, -95.302, -102.603, 0x307
0x15B2, 3026, 6:804:429, 606, 743.328, 747, 8242, 2389, 2132, 18340, 7421, 72, -87.490, -98.541, 0x3D1
0x157A, 6699, 11:789:286, 1030, 748.281, 750, 5698, 8823, 7492, 8822, 3604, 60, -95.746, -99.215, 0x33A
0x14D3, 5766, 0:945:273, 1031, 744.468, 748, 5401, 6272, 5110, 10886, 4657, 72, -94.850, -102.754, 0x3E8
0x15B2, 3016, 6:975:619, 659, 747.875, 752, 5082, 3141, 2016, 18987, 8740, 76, -87.472, -102.876, 0x404
0x157A, 6732, 11:960:476, 1032, 746.171, 748, 5168, 8073, 7356, 8072, 3566, 56, -95.683, -100.629, 0x30B
0x14D3, 5822, 1:116:464, 1031, 740.812, 745, 5232, 7218, 4629, 10624, 4682, 60, -94.874, -101.033, 0x347
0x15B2, 2969, 7:146:809, 604, 743.421, 748, 5510, 2311, 1914, 17294, 7658, 68, -87.655, -101.590, 0x39F
0x157A, 6756, 12:131:667, 1032, 744.078, 746, 4414, 8076, 7944, 8075, 3629, 56, -95.759, -100.683, 0x304
0x14D3, 5775, 1:287:654, 1031, 744.421, 748, 4162, 5168, 4257, 8869, 3249, 56, -95.287, -104.929, 0x30D
0x15B2, 3424, 7:318:000, 532, 750.468, 752, 69, 16994, 15043, 16993, 6465, 76, -86.022, -89.860, 0x402
0x157A, 6770, 12:302:857, 1031, 749.953, 751, 8702, 9428, 5752, 9427, 4603, 64, -94.800, -99.954, 0x371
0x14D3, 5836, 1:458:845, 1031, 740.937, 745, 6224, 7481, 4438, 10698, 4893, 60, -93.065, -101.579, 0x340
0x15B2, 3181, 7:489:190, 607, 743.562, 748, 5390, 2604, 1981, 17577, 7875, 76, -87.733, -101.590, 0x401
0x157A, 6737, 12:474:047, 1001, 747.578, 749, 5869, 8139, 5912, 8138, 3202, 60, -95.480, -100.575, 0x333
0x14D3, 5874, 1:630:036, 1031, 744.531, 748, 4505, 5123, 3909, 8084, 2870, 60, -96.748, -104.906, 0x33C
0x15B2, 3415, 7:660:380, 584, 750.421, 752, 64, 17353, 16188, 17352, 7086, 64, -87.610, -89.438, 0x36F
0x157A, 6770, 12:645:238, 1032, 745.171, 747, 4778, 8614, 8001, 8613, 4434, 68, -94.629, -99.055, 0x3A1
0x14D3, 5836, 1:801:227, 1030, 748.796, 753, 4223, 5897, 3796, 8381, 3055, 48, -95.028, -103.265, 0x295
0x15B2, 3030, 7:831:570, 544, 743.859, 748, 4486, 2484, 1569, 17480, 6980, 80, -86.161, -101.135, 0x43E
0x157A, 6732, 12:816:429, 998, 743.078, 745, 3766, 7846, 7798, 7845, 3388, 60, -95.751, -100.630, 0x33B
0x14D3, 5601, 1:972:417, 1030, 744.781, 749, 4385, 4777, 3120, 7591, 2893, 56, -96.791, -104.145, 0x304
0x15B2, 2960, 8:002:760, 561, 747.515, 752, 4659, 2268, 1742, 16733, 6460, 60, -87.558, -101.035, 0x333
0x157A, 6732, 12:987:619, 1032, 748.781, 750, 7451, 8941, 5985, 8940, 3775, 44, -95.930, -99.323, 0x269
0x14D3, 5855, 2:143:608, 1031, 741.281, 745, 4846, 5854, 5172, 10143, 3077, 64, -95.051, -102.263, 0x371
0x15B2, 2965, 8:173:951, 650, 743.484, 747, 5883, 2708, 2143, 18230, 8720, 72, -87.582, -101.679, 0x3D1
0x157A, 6727, 13:158:809, 1031, 746.203, 748, 5282, 7284, 6439, 7283, 3286, 60, -95.336, -101.873, 0x33E
0x14D3, 5827, 2:314:799, 1031, 745.125, 749, 6235, 4407, 5013, 9280, 2998, 52, -96.938, -102.207, 0x2D7
0x15B2, 3021, 8:345:141, 678, 747.187, 751, 10396, 2525, 2839, 19857, 8615, 84, -87.163, -97.517, 0x474
0x157A, 6770, 13:330:000, 1030, 744.046, 745, 3719, 6607, 7825, 7824, 3342, 60, -95.418, -101.748, 0x33C
0x14D3, 5921, 2:485:989, 1031, 742.031, 745, 9854, 5513, 7460, 9853, 4431, 68, -94.634, -99.622, 0x3B4
0x15B2, 3087, 8:516:331, 596, 743.265, 747, 13804, 3235, 2763, 18486, 7180, 68, -87.491, -94.949, 0x3A9
0x157A, 6732, 13:501:191, 1032, 749.265, 751, 5795, 8636, 7205, 8635, 3508, 64, -95.612, -99.029, 0x368
0x14D3, 5799, 2:657:180, 1031, 745.656, 749, 4048, 5292, 3756, 8409, 2980, 52, -96.912, -104.666, 0x2CD
0x15B2, 3059, 8:687:521, 575, 747.203, 751, 12020, 3031, 2644, 18324, 6740, 60, -87.528, -94.125, 0x33C
0x157A, 6718, 13:672:381, 999, 747.203, 749, 5405, 8142, 6822, 8141, 3233, 60, -95.539, -100.792, 0x330
0x14D3, 5850, 2:828:371, 1031, 742.062, 746, 6939, 4609, 5758, 8100, 2908, 48, -96.805, -101.104, 0x29E
0x15B2, 3082, 8:858:711, 639, 743.265, 747, 14862, 3741, 3033, 19225, 8085, 80, -87.401, -93.025, 0x43D
0x157A, 6718, 13:843:571, 1031, 745.062, 747, 4239, 7136, 6871, 7135, 3237, 68, -95.271, -101.643, 0x3A0
0x14D3, 5827, 2:999:562, 1031, 746.531, 750, 5584, 6513, 5117, 10982, 4590, 56, -94.788, -102.985, 0x316
0x15B2, 3101, 9:029:902, 586, 747.437, 751, 13953, 3665, 2755, 18462, 7194, 68, -87.646, -93.240, 0x3A1
0x157A, 6718, 14:014:762, 1001, 743.031, 744, 3572, 7442, 8126, 8125, 3396, 56, -95.736, -100.528, 0x305
0x14D3, 5827, 3:170:752, 1031, 743.046, 747, 7936, 4916, 6092, 8601, 3329, 76, -95.393, -101.938, 0x403
0x15B2, 3040, 9:201:091, 697, 742.953, 747, 5119, 3270, 2029, 19704, 9453, 80, -87.326, -102.524, 0x446
0x157A, 6732, 14:185:952, 1032, 748.937, 750, 8030, 8589, 5267, 8588, 3681, 64, -95.821, -99.187, 0x369
0x14D3, 5827, 3:341:943, 1031, 746.781, 751, 3989, 5699, 3765, 8734, 3227, 48, -95.257, -104.958, 0x297
0x15B2, 3016, 9:372:282, 625, 746.625, 750, 6249, 2684, 1969, 17934, 8084, 72, -87.593, -100.343, 0x3CB
0x157A, 6742, 14:357:143, 999, 746.281, 748, 5387, 8595, 7211, 8594, 4136, 60, -94.609, -99.168, 0x33F
0x14D3, 5822, 3:513:134, 1031, 743.187, 747, 6226, 5088, 5011, 9373, 3197, 44, -95.217, -102.525, 0x26A
0x15B2, 3016, 9:543:472, 623, 742.531, 746, 5441, 2680, 2042, 18005, 8292, 76, -87.731, -101.493, 0x403
0x157A, 6774, 14:528:333, 1001, 744.218, 746, 5095, 7610, 7112, 7609, 3167, 48, -95.432, -100.536, 0x2A2
0x14D3, 5930, 3:684:324, 1031, 747.875, 751, 4825, 6270, 3944, 8797, 3158, 52, -95.164, -103.924, 0x2CE
0x15B2, 2969, 9:714:662, 685, 746.312, 750, 7318, 2862, 2375, 19245, 9529, 88, -87.511, -100.831, 0x49D
0x157A, 6784, 14:699:523, 1032, 749.968, 751, 8381, 9548, 5821, 9547, 4695, 68, -94.877, -99.893, 0x3A2
0x14D3, 5639, 3:855:515, 1031, 744.234, 748, 4701, 4952, 5290, 9462, 3183, 64, -95.198, -103.722, 0x362
0x15B2, 3016, 9:885:852, 578, 742.281, 746, 6332, 2328, 2062, 17674, 7197, 68, -87.768, -100.990, 0x39D
0x157A, 6751, 14:870:714, 1031, 747.187, 749, 5383, 8689, 7912, 8688, 3712, 48, -95.866, -99.223, 0x2A3
0x14D3, 5860, 4:026:706, 1000, 740.812, 745, 5615, 6722, 4321, 9603, 4209, 60, -94.676, -101.054, 0x345
0x15B2, 3063, 10:057:042, 639, 746.218, 750, 13204, 3061, 2919, 19461, 7983, 72, -87.346, -95.988, 0x3D6
0x157A, 6742, 15:041:905, 998, 745.109, 747, 4214, 7798, 7681, 7797, 3300, 60, -95.637, -100.662, 0x336
0x14D3, 5827, 4:197:897, 1035, 745.031, 749, 6657, 4006, 5469, 9076, 2963, 60, -96.853, -102.516, 0x32B
0x15B2, 3077, 10:228:232, 493, 742.140, 746, 11982, 2382, 2086, 16606, 5425, 76, -87.922, -93.266, 0x402
0x157A, 6779, 15:213:095, 1036, 742.671, 744, 6333, 9176, 6469, 9175, 3802, 60, -95.928, -99.157, 0x33B
0x14D3, 5789, 4:369:087, 1030, 741.687, 745, 5289, 7148, 4930, 11759, 4694, 68, -94.893, -101.147, 0x3B1
0x15B2, 2979, 10:399:423, 551, 745.531, 750, 4661, 2121, 1609, 16563, 6259, 68, -87.577, -101.032, 0x39C
0x157A, 6751, 15:384:285, 998, 748.500, 750, 5834, 7806, 5896, 7805, 3209, 48, -95.516, -100.407, 0x29E
0x14D3, 5827, 4:540:278, 1032, 746.296, 750, 5651, 5282, 5312, 9864, 3338, 52, -95.396, -102.433, 0x2D1
0x15B2, 3026, 10:570:612, 672, 741.812, 746, 5826, 3082, 2068, 18330, 8874, 64, -87.368, -101.499, 0x373
0x157A, 6713, 15:555:476, 744, 746.250, 748, 4306, 5683, 4925, 5682, 1696, 40, -95.297, -100.584, 0x22C
[ERR : UWBtwr    ] [0x14D3] Failed RX Report
, 1032, 742.609, 746, 5087, 6206, 4608, 9304, 3345, 64, -95.405, -102.312, 0x37C
0x15B2, 3176, 10:741:803, 750, 745.625, 750, 7320, 3276, 2382, 19760, 10516, 96, -87.152, -100.209, 0x513
0x157A, 6774, 15:726:667, 1031, 743.937, 745, 7989, 9465, 5814, 9464, 4701, 60, -94.891, -99.718, 0x33B
[ERR : UWBtwr    ] [0x14D3] Failed RX Reply
[ERR : UWBtwr    ] [0x14D3] Failed RX Report
, 1031, 743.937, 745, 7989, 9465, 5814, 9464, 4701, 60, -94.891, -99.718, 0x33B
0x15B2, 3035, 10:912:993, 697, 741.312, 745, 9224, 3283, 2716, 20437, 10022, 116, -87.579, -98.533, 0x61A
0x157A, 6760, 15:897:856, 1031, 749.625, 751, 6800, 8940, 6313, 8939, 3603, 56, -95.736, -99.196, 0x310
[ERR : UWBtwr    ] [0x14D3] Failed RX Reply
[ERR : UWBtwr    ] [0x14D3] Failed RX Report
, 1031, 749.625, 751, 6800, 8940, 6313, 8939, 3603, 56, -95.736, -99.196, 0x310
0x15B2, 2988, 11:084:183, 620, 745.203, 749, 7963, 2266, 2452, 18878, 8117, 68, -87.681, -98.137, 0x39D
0x157A, 6784, 16:069:047, 1033, 747.187, 749, 5895, 9241, 8430, 9240, 4488, 64, -94.673, -99.793, 0x371
[ERR : UWBtwr    ] [0x14D3] Failed RX Reply
[ERR : UWBtwr    ] [0x14D3] Failed RX Report
, 1033, 747.187, 749, 5895, 9241, 8430, 9240, 4488, 64, -94.673, -99.793, 0x371
0x15B2, 3012, 11:255:373, 637, 741.265, 745, 9342, 2766, 2655, 19070, 8030, 64, -87.399, -97.262, 0x36F
0x157A, 6727, 16:240:238, 1032, 745.093, 746, 4560, 7814, 8090, 8089, 4407, 68, -94.602, -100.668, 0x397
[ERR : UWBtwr    ] [0x14D3] Failed RX Reply
[ERR : UWBtwr    ] [0x14D3] Failed RX Report
, 1032, 745.093, 746, 4560, 7814, 8090, 8089, 4407, 68, -94.602, -100.668, 0x397
0x15B2, 2998, 11:426:563, 516, 745.328, 749, 7203, 2055, 1856, 17027, 6436, 88, -86.268, -98.755, 0x49B
0x157A, 6774, 16:411:428, 1031, 743.109, 744, 4187, 7969, 8270, 8269, 3695, 56, -95.846, -100.739, 0x301
[ERR : UWBtwr    ] [0x14D3] Failed RX Reply
[ERR : UWBtwr    ] [0x14D3] Failed RX Report
, 1031, 743.109, 744, 4187, 7969, 8270, 8269, 3695, 56, -95.846, -100.739, 0x301
0x15B2, 3124, 11:597:754, 645, 741.625, 746, 5465, 3020, 2205, 18232, 8788, 80, -87.682, -101.488, 0x437
