0x15B2, 5738, 2:625:362, 1030, 742.421, 746, 4365, 1922, 1752, 11465, 4668, 56, -94.869, -107.122, 0x307
0x1639, 6732, 1:066:929, 999, 748.546, 750, 5502, 7648, 5616, 7647, 2660, 56, -96.692, -100.071, 0x2FC
0x14D3, 3528, 1:079:055, 665, 750.921, 752, 8576, 18507, 11950, 18506, 9354, 84, -87.688, -90.276, 0x47B
0x15B2, 5714, 2:796:553, 1031, 743.515, 747, 3697, 1986, 1699, 11308, 4714, 60, -94.903, -108.112, 0x338
0x1639, 6756, 1:238:121, 871, 742.000, 743, 2461, 5243, 6408, 6407, 1903, 36, -96.429, -101.187, 0x1FC
0x14D3, 3551, 1:250:247, 667, 751.015, 752, 74, 9286, 18424, 18423, 9154, 80, -87.568, -91.068, 0x449
0x15B2, 5738, 2:967:744, 1031, 744.312, 748, 5100, 1691, 1890, 11895, 4634, 64, -94.829, -106.105, 0x365
0x1639, 6718, 1:409:313, 1031, 743.671, 745, 5468, 7490, 5256, 7489, 2721, 56, -96.517, -101.549, 0x2FF
0x14D3, 3218, 1:421:439, 619, 748.937, 752, 9837, 4960, 2826, 18278, 9277, 88, -86.275, -96.544, 0x49F
0x15B2, 5761, 3:138:936, 1031, 745.343, 749, 5062, 1709, 1902, 11888, 4615, 60, -94.811, -106.068, 0x334
0x1639, 6742, 1:580:504, 999, 745.078, 747, 3569, 6598, 6119, 6597, 2427, 44, -96.294, -102.986, 0x268
0x14D3, 3518, 1:592:631, 791, 751.109, 752, 122, 16263, 19625, 19624, 11793, 100, -87.187, -91.423, 0x550
0x15B2, 5733, 3:310:127, 1032, 746.546, 750, 4685, 1884, 1506, 10829, 4559, 60, -94.750, -107.421, 0x334
0x1639, 6737, 1:751:696, 711, 746.171, 748, 3110, 4939, 4639, 4938, 1228, 32, -96.289, -101.672, 0x1C1
0x14D3, 3528, 1:763:823, 678, 751.343, 753, 60, 16951, 16659, 16950, 9991, 92, -87.806, -90.154, 0x4D8
0x15B2, 5770, 3:481:318, 1032, 747.375, 751, 4874, 1857, 1902, 11547, 4692, 72, -94.875, -107.875, 0x3C6
0x1639, 6713, 1:922:888, 1031, 748.390, 750, 5471, 7779, 6118, 7778, 2834, 52, -96.693, -100.062, 0x2CC
0x14D3, 3485, 1:935:014, 775, 751.437, 753, 7206, 19859, 16446, 19858, 12558, 104, -87.638, -90.027, 0x581
0x15B2, 5733, 3:652:509, 1032, 740.250, 744, 6185, 1775, 2098, 12718, 4745, 56, -94.923, -105.595, 0x30E
0x1639, 6760, 2:094:080, 742, 750.046, 751, 2425, 4855, 5926, 5925, 1620, 32, -95.122, -101.952, 0x1C6
0x14D3, 3556, 2:106:206, 676, 744.093, 745, 104, 9977, 18576, 18575, 8773, 80, -87.267, -91.140, 0x44B
0x15B2, 5766, 3:823:700, 1033, 741.468, 745, 4232, 1951, 1594, 11476, 4703, 60, -94.876, -108.826, 0x337
0x1639, 6695, 2:265:272, 998, 744.140, 746, 3492, 6797, 6745, 6796, 2571, 48, -96.553, -101.443, 0x29A
0x14D3, 3537, 2:277:398, 614, 744.093, 745, 85, 11135, 16662, 16661, 7851, 72, -87.620, -91.534, 0x3DC
0x15B2, 5747, 3:994:892, 1030, 742.250, 746, 5189, 1568, 1914, 12396, 4660, 60, -94.862, -106.194, 0x33C
0x1639, 6723, 2:436:463, 902, 746.078, 747, 3056, 5874, 6390, 6389, 2029, 40, -96.403, -101.433, 0x22A
0x14D3, 3382, 2:448:590, 601, 744.218, 745, 35, 13176, 16893, 16892, 9140, 76, -86.467, -90.300, 0x400
0x15B2, 5733, 4:166:083, 1030, 743.234, 747, 5695, 1547, 2038, 12427, 4610, 76, -94.815, -106.911, 0x402
0x1639, 6704, 2:607:655, 1030, 748.171, 750, 4123, 7564, 7089, 7563, 2824, 52, -96.687, -101.953, 0x2D6
0x14D3, 3485, 2:619:782, 688, 744.656, 746, 7067, 19436, 14692, 19435, 11638, 100, -86.342, -90.594, 0x536
0x15B2, 5761, 4:337:275, 1031, 744.281, 748, 5508, 1912, 1999, 12513, 4749, 56, -94.935, -106.791, 0x304
0x1639, 6760, 2:778:847, 998, 750.031, 751, 2998, 5922, 6592, 6591, 2434, 48, -96.315, -102.698, 0x295
0x14D3, 3528, 2:790:973, 630, 745.015, 746, 85, 9469, 18207, 18206, 9952, 92, -86.427, -91.517, 0x4C6
0x15B2, 5700, 4:508:466, 1031, 745.250, 749, 6278, 1641, 1930, 11522, 4604, 68, -94.801, -105.606, 0x3A2
0x1639, 6770, 2:950:039, 1030, 743.859, 745, 6037, 7580, 4923, 7579, 2819, 52, -96.679, -101.727, 0x2C8
0x14D3, 3514, 2:962:165, 690, 745.078, 749, 44, 12869, 17862, 18057, 9633, 88, -87.495, -91.337, 0x4A8
0x15B2, 5742, 4:679:657, 1031, 746.328, 750, 5689, 1865, 1900, 12275, 4801, 56, -94.983, -106.955, 0x307
0x1639, 6751, 3:121:230, 1030, 745.921, 747, 6067, 7646, 4870, 7645, 2738, 48, -96.552, -101.758, 0x2A2
0x14D3, 3368, 3:133:357, 678, 745.328, 747, 82, 16716, 16290, 16715, 9625, 80, -87.644, -91.997, 0x444
0x15B2, 5738, 4:850:848, 1032, 747.312, 751, 5037, 1728, 1870, 11643, 4603, 68, -94.791, -106.018, 0x39D
0x1639, 6770, 3:292:422, 1030, 747.640, 749, 5950, 7812, 5531, 7811, 2746, 56, -96.565, -100.042, 0x302
0x14D3, 3570, 3:304:549, 612, 745.859, 747, 6838, 16876, 11361, 16875, 7678, 64, -87.552, -90.158, 0x37C
0x15B2, 5728, 5:022:040, 1032, 740.203, 744, 5512, 1515, 2197, 12581, 4747, 72, -94.925, -106.727, 0x3CC
0x1639, 6709, 3:463:614, 997, 749.406, 751, 4607, 7143, 5465, 7142, 2448, 52, -96.349, -101.376, 0x2CC
0x14D3, 3528, 3:475:741, 578, 746.125, 747, 103, 9090, 17352, 17351, 8058, 80, -86.258, -91.861, 0x436
0x15B2, 5747, 5:193:231, 1032, 741.531, 745, 4320, 1937, 1587, 11434, 4653, 64, -94.838, -108.954, 0x36D
0x1639, 6727, 3:634:806, 1029, 743.359, 745, 5091, 7418, 5831, 7417, 2787, 56, -96.638, -101.616, 0x2F8
0x14D3, 3509, 3:646:932, 737, 746.234, 750, 5273, 16580, 17557, 18255, 10985, 92, -87.493, -91.770, 0x4E4
0x15B2, 5770, 5:364:422, 1033, 742.796, 747, 2614, 2072, 1296, 12351, 4796, 52, -94.961, -110.052, 0x2D6
0x1639, 6727, 3:805:998, 1029, 745.062, 746, 3499, 7088, 7309, 7308, 2821, 56, -96.690, -101.652, 0x303
0x14D3, 3532, 3:818:124, 669, 746.906, 748, 8828, 18582, 12106, 18581, 9470, 88, -87.690, -90.308, 0x4AF
0x15B2, 5728, 5:535:613, 1030, 744.109, 748, 6932, 1903, 2287, 12716, 4732, 60, -94.928, -104.554, 0x335
0x1639, 6774, 3:977:189, 968, 746.765, 748, 5847, 7313, 4898, 7312, 2435, 44, -96.582, -100.021, 0x26C
0x14D3, 3204, 3:989:316, 576, 744.843, 748, 10591, 4139, 2601, 16782, 8293, 84, -86.413, -95.389, 0x461
0x15B2, 5700, 5:706:804, 1034, 745.296, 749, 5142, 1688, 1963, 12401, 4777, 60, -94.936, -106.173, 0x337
0x1639, 6681, 4:148:381, 1031, 748.265, 750, 4955, 7581, 6454, 7580, 2709, 56, -96.498, -101.917, 0x303
0x14D3, 3495, 4:160:508, 762, 747.203, 748, 146, 17872, 17876, 17875, 10920, 100, -87.178, -91.675, 0x54B
0x15B2, 5723, 5:877:996, 1031, 746.515, 750, 3896, 1982, 1680, 10722, 4642, 56, -94.836, -108.405, 0x302
0x1639, 6756, 4:319:573, 935, 749.843, 751, 5303, 6976, 4535, 6975, 2255, 44, -96.550, -101.727, 0x25F
0x14D3, 3561, 4:331:700, 673, 747.953, 749, 6294, 18280, 12141, 18279, 8462, 84, -87.149, -91.869, 0x480
0x15B2, 5766, 6:049:187, 1031, 748.125, 752, 7286, 1661, 2248, 12846, 4743, 56, -94.930, -104.840, 0x308
0x1639, 6751, 4:490:765, 1031, 744.031, 745, 3098, 6862, 7387, 7386, 2812, 56, -96.660, -101.457, 0x307
0x14D3, 3504, 4:502:892, 658, 748.062, 749, 101, 10077, 18083, 18082, 8957, 84, -87.592, -91.215, 0x47D
0x15B2, 5747, 6:220:378, 1031, 741.312, 745, 5469, 1755, 1927, 10799, 4613, 64, -94.809, -106.641, 0x366
0x1639, 6756, 4:661:957, 999, 745.546, 747, 5124, 7330, 5313, 7329, 2542, 44, -96.495, -101.611, 0x26A
0x14D3, 3279, 4:674:083, 633, 746.984, 750, 15489, 6401, 3896, 17724, 10650, 84, -86.680, -93.945, 0x465
0x15B2, 5723, 6:391:569, 1032, 742.796, 747, 3126, 2107, 1371, 10479, 4580, 60, -94.770, -109.052, 0x33E
0x1639, 6742, 4:833:148, 1030, 748.031, 749, 3276, 6985, 7546, 7545, 2815, 44, -96.673, -101.665, 0x264
0x14D3, 3523, 4:845:275, 639, 749.015, 750, 132, 8940, 17664, 17663, 8349, 80, -87.541, -91.082, 0x441
0x15B2, 5738, 6:562:761, 1032, 743.921, 748, 2539, 2066, 1190, 11162, 4628, 64, -94.815, -111.825, 0x372
0x1639, 6727, 5:004:340, 739, 749.593, 751, 3907, 6241, 4418, 6240, 1686, 32, -95.330, -100.563, 0x1BF
0x14D3, 3354, 5:016:467, 697, 749.171, 753, 89, 14212, 17211, 17872, 9769, 92, -87.468, -91.369, 0x4E0
0x15B2, 5775, 6:733:952, 1032, 744.968, 749, 2643, 2316, 1248, 12063, 4690, 52, -94.873, -110.418, 0x2D4
0x1639, 6723, 5:175:532, 1030, 744.078, 745, 3535, 6840, 7225, 7224, 2744, 48, -96.562, -101.475, 0x29A
0x14D3, 3546, 5:187:659, 653, 750.015, 751, 130, 8723, 18184, 18183, 8985, 76, -87.672, -91.055, 0x419
0x15B2, 5733, 6:905:143, 1033, 746.203, 750, 6736, 1785, 1820, 11794, 4650, 56, -94.827, -104.127, 0x30B
0x1639, 6727, 5:346:724, 998, 745.750, 747, 5577, 7244, 4928, 7243, 2492, 48, -96.417, -101.606, 0x297
0x14D3, 3509, 5:358:851, 646, 750.093, 751, 86, 10859, 18233, 18232, 10102, 92, -86.274, -91.591, 0x4D0
0x15B2, 5728, 7:076:335, 1030, 747.375, 751, 5311, 1775, 1725, 11994, 4628, 68, -94.832, -106.360, 0x3A1
0x1639, 6774, 5:517:916, 1029, 748.062, 749, 3348, 7059, 7598, 7597, 2880, 48, -96.780, -101.758, 0x296
0x14D3, 3490, 5:530:042, 622, 750.593, 752, 5294, 16849, 13402, 16848, 8310, 76, -87.755, -90.299, 0x410
0x15B2, 5728, 7:247:526, 1033, 740.406, 744, 4720, 1791, 1668, 10491, 4472, 60, -94.658, -107.490, 0x33B
0x1639, 6737, 5:689:107, 901, 750.062, 751, 2559, 5821, 6222, 6221, 1979, 52, -96.305, -101.149, 0x2CC
0x14D3, 3537, 5:701:234, 622, 751.000, 752, 158, 8890, 18295, 18294, 9811, 92, -86.476, -91.551, 0x4C3
0x15B2, 5719, 7:418:717, 1031, 741.718, 746, 2537, 1988, 1351, 12062, 4602, 56, -94.799, -111.863, 0x308
0x1639, 6742, 5:860:299, 1029, 744.203, 746, 4193, 7397, 6840, 7396, 2779, 56, -96.625, -101.770, 0x307
0x14D3, 3500, 5:872:426, 670, 751.093, 752, 110, 12836, 19020, 19019, 10662, 104, -86.191, -91.952, 0x574
0x15B2, 5761, 7:589:908, 1031, 742.640, 747, 3111, 2072, 1532, 11030, 4625, 64, -94.821, -109.121, 0x36C
0x1639, 6770, 6:031:491, 1000, 746.000, 747, 2952, 6204, 7312, 7311, 2511, 48, -96.433, -101.288, 0x2A5
0x14D3, 3518, 6:043:618, 706, 751.421, 753, 44, 18111, 14683, 18110, 9312, 84, -87.149, -91.636, 0x47E
0x15B2, 5705, 7:761:100, 1031, 744.125, 748, 8665, 2152, 2216, 12539, 4768, 60, -94.953, -102.269, 0x336
0x1639, 6760, 6:202:682, 997, 747.906, 749, 5306, 6908, 4441, 6907, 2485, 40, -96.414, -101.090, 0x22F
0x14D3, 3523, 6:214:809, 657, 744.031, 745, 150, 8970, 18223, 18222, 8969, 84, -87.611, -91.063, 0x47B
0x15B2, 5766, 7:932:291, 1032, 745.171, 749, 7574, 1773, 2273, 12814, 4774, 60, -94.950, -103.160, 0x33E
0x1639, 6756, 6:373:874, 1029, 749.609, 751, 5471, 7962, 5715, 7961, 2744, 44, -96.570, -100.014, 0x269
0x14D3, 3504, 6:386:001, 759, 744.250, 748, 5523, 17507, 17583, 18564, 11432, 100, -87.411, -91.758, 0x552
0x15B2, 5728, 8:103:482, 1032, 746.171, 750, 7033, 1690, 2198, 12701, 4792, 60, -94.966, -104.556, 0x33A
0x1639, 6746, 6:545:066, 1029, 743.453, 745, 5314, 7588, 5656, 7587, 2742, 52, -96.567, -101.723, 0x2CD
0x14D3, 3523, 6:557:193, 609, 744.968, 746, 9083, 16343, 10360, 16342, 7597, 76, -87.549, -90.166, 0x409
0x15B2, 5742, 8:274:674, 1032, 747.250, 751, 6014, 1566, 1931, 11725, 4507, 68, -94.700, -105.254, 0x3A1
0x1639, 6765, 6:716:258, 965, 745.531, 747, 5034, 7317, 5425, 7316, 2396, 48, -96.539, -101.916, 0x298
0x14D3, 3509, 6:728:385, 572, 745.140, 749, 95, 12918, 15672, 17324, 8423, 76, -86.541, -90.266, 0x409
0x15B2, 5738, 8:445:865, 1033, 740.234, 744, 5364, 1500, 2041, 12436, 4675, 68, -94.850, -106.441, 0x39D
0x1639, 6709, 6:887:449, 1029, 747.281, 749, 5027, 7742, 6303, 7741, 2862, 48, -96.753, -101.978, 0x297
0x14D3, 3542, 6:899:577, 610, 745.906, 747, 7609, 17180, 11052, 17179, 7921, 68, -87.716, -90.322, 0x3A9
0x15B2, 5752, 8:617:056, 1030, 741.390, 745, 4358, 1844, 1668, 11611, 4624, 56, -94.828, -107.012, 0x307
0x1639, 6723, 7:058:641, 1029, 749.296, 751, 5165, 7711, 6144, 7710, 2810, 52, -96.673, -101.941, 0x2CA
0x14D3, 3509, 7:070:769, 763, 746.218, 750, 166, 17367, 17989, 18864, 11613, 96, -87.434, -91.570, 0x51B
0x15B2, 5761, 8:788:248, 1030, 742.750, 747, 2889, 2071, 1374, 12022, 4665, 60, -94.866, -110.623, 0x338
0x1639, 6742, 7:229:833, 1029, 743.046, 745, 3858, 7097, 6821, 7096, 2813, 60, -96.678, -101.495, 0x327
0x14D3, 3504, 7:241:961, 784, 746.687, 748, 10731, 19574, 14237, 19573, 12146, 88, -87.393, -91.830, 0x4BD
0x15B2, 5738, 8:959:439, 1031, 744.046, 748, 8854, 1967, 2237, 12451, 4617, 60, -94.813, -102.403, 0x33D
0x1639, 6727, 7:401:025, 999, 745.031, 746, 3520, 6778, 7087, 7086, 2600, 52, -96.593, -101.625, 0x2D0
0x14D3, 3500, 7:413:153, 634, 747.078, 751, 65, 12659, 17090, 18497, 9799, 96, -86.305, -91.772, 0x508
0x15B2, 5705, 9:130:630, 1030, 745.171, 749, 7688, 1796, 2247, 12559, 4686, 60, -94.886, -103.288, 0x330
0x1639, 6704, 7:572:217, 999, 746.937, 748, 6788, 7146, 4386, 7145, 2684, 44, -96.731, -101.927, 0x260
0x14D3, 3457, 7:584:344, 730, 747.359, 749, 6735, 18996, 16462, 18995, 13110, 108, -86.344, -90.300, 0x5A2
0x15B2, 5761, 9:301:822, 1030, 746.078, 750, 8620, 1964, 2216, 12641, 4661, 56, -94.863, -102.197, 0x305
0x1639, 6756, 7:743:408, 1031, 748.968, 750, 6418, 7355, 4553, 7354, 2681, 52, -96.452, -101.640, 0x2D8
0x14D3, 3523, 7:755:536, 765, 748.093, 749, 142, 14278, 19431, 19430, 10983, 96, -87.169, -91.231, 0x51F
0x15B2, 5738, 9:473:012, 1031, 746.687, 751, 3292, 2195, 1574, 11390, 4761, 56, -94.946, -109.579, 0x307
0x1639, 6718, 7:914:600, 935, 742.187, 744, 4141, 6365, 5879, 6364, 2211, 40, -96.464, -101.492, 0x230
0x14D3, 3514, 7:926:728, 653, 748.250, 752, 64, 15041, 16661, 18066, 10569, 100, -86.377, -91.984, 0x537
0x15B2, 5770, 9:644:204, 1031, 747.718, 752, 2783, 2110, 1448, 12085, 4736, 64, -94.924, -110.546, 0x366
0x1639, 6709, 8:085:792, 999, 744.125, 746, 4118, 6965, 6673, 6964, 2567, 52, -96.538, -101.682, 0x2CC
0x14D3, 3495, 8:097:920, 682, 748.734, 753, 9503, 18181, 13108, 18956, 11217, 100, -86.258, -90.312, 0x53C
0x15B2, 5723, 9:815:395, 1031, 740.312, 744, 5074, 1652, 1822, 11844, 4591, 64, -94.789, -106.018, 0x375
0x1639, 6727, 8:256:984, 967, 746.265, 748, 4144, 6985, 5934, 6984, 2311, 48, -96.364, -101.602, 0x29F
0x14D3, 3523, 8:269:112, 687, 749.375, 751, 98, 17864, 16166, 17863, 10295, 88, -87.822, -90.158, 0x4AE
0x15B2, 5738, 9:986:587, 1031, 741.281, 745, 4652, 1622, 1852, 12572, 4803, 60, -94.985, -107.419, 0x337
0x1639, 6727, 8:428:176, 999, 748.109, 750, 3326, 6819, 6614, 6818, 2560, 44, -96.526, -101.325, 0x267
0x14D3, 3509, 8:440:304, 676, 749.796, 751, 8475, 19179, 13477, 19178, 11550, 96, -86.461, -90.594, 0x506
0x15B2, 5728, 10:157:777, 1032, 742.125, 746, 7646, 1598, 2125, 12695, 4639, 60, -94.825, -103.150, 0x335
0x1639, 6774, 8:599:368, 934, 749.906, 751, 5633, 7123, 4554, 7122, 2215, 48, -96.481, -101.990, 0x29C
0x14D3, 3514, 8:611:495, 597, 750.156, 751, 58, 11545, 17470, 17469, 9039, 84, -86.476, -90.160, 0x465
0x15B2, 5700, 10:328:969, 1031, 743.125, 747, 8761, 2036, 2187, 12454, 4616, 52, -94.812, -102.323, 0x2D3
0x1639, 6756, 8:770:559, 1000, 743.468, 745, 5043, 7587, 5627, 7586, 2674, 44, -96.706, -101.854, 0x266
0x14D3, 3537, 8:782:687, 663, 751.000, 752, 69, 9117, 18448, 18447, 9213, 88, -87.648, -91.097, 0x4AC
0x15B2, 5728, 10:500:160, 1030, 743.828, 748, 2191, 2149, 1281, 12405, 4678, 60, -94.878, -111.440, 0x338
0x1639, 6756, 8:941:751, 997, 745.906, 747, 6010, 7633, 4882, 7632, 2650, 52, -96.693, -100.012, 0x2C9
0x14D3, 3523, 8:953:879, 768, 751.250, 755, 86, 17779, 17831, 18736, 11679, 96, -87.401, -91.573, 0x51D
0x15B2, 5742, 10:671:352, 1031, 744.859, 749, 2085, 2202, 1321, 12420, 4738, 64, -94.925, -111.385, 0x369
0x1639, 6793, 9:112:943, 1000, 747.875, 749, 5667, 7158, 4674, 7157, 2478, 48, -96.376, -101.480, 0x296
0x14D3, 3537, 9:125:071, 610, 744.015, 745, 78, 9019, 16936, 16935, 7665, 72, -87.573, -91.213, 0x3DE
0x15B2, 5728, 10:842:543, 1030, 746.203, 750, 6598, 1801, 2218, 12907, 4790, 60, -94.981, -104.137, 0x338
0x1639, 6784, 9:284:134, 965, 749.812, 751, 5653, 7289, 4797, 7288, 2411, 48, -96.566, -101.907, 0x29B
0x14D3, 3485, 9:296:263, 782, 744.359, 746, 5456, 19224, 17097, 19223, 11958, 108, -87.347, -91.794, 0x5B5
0x15B2, 5723, 11:013:734, 1030, 747.234, 751, 6388, 1767, 2108, 12769, 4755, 72, -94.949, -105.849, 0x3CC
0x1639, 6751, 9:455:326, 1029, 743.609, 745, 5536, 7807, 5579, 7806, 2856, 48, -96.744, -101.900, 0x2A0
0x14D3, 3509, 9:467:454, 620, 745.093, 746, 104, 12171, 16508, 16507, 8047, 72, -87.643, -91.651, 0x3DE
0x15B2, 5761, 11:184:925, 1031, 740.375, 744, 4566, 1867, 1801, 11526, 4614, 64, -94.810, -107.400, 0x364
0x1639, 6765, 9:626:518, 997, 745.796, 747, 5547, 6637, 4440, 6636, 2421, 52, -96.301, -101.041, 0x2CA
0x14D3, 3528, 9:638:646, 620, 745.984, 747, 8630, 16867, 10545, 16866, 7794, 68, -87.504, -90.134, 0x3A8
0x15B2, 5738, 11:356:117, 1031, 741.937, 746, 2007, 2066, 1158, 12895, 4730, 64, -94.918, -112.834, 0x36F
0x1639, 6746, 9:797:710, 1001, 747.703, 749, 5801, 7474, 5197, 7473, 2630, 52, -96.625, -101.915, 0x2CA
0x14D3, 3542, 9:809:838, 644, 746.750, 748, 5960, 17643, 12588, 17642, 8103, 84, -87.343, -90.117, 0x474
0x15B2, 5700, 11:527:308, 1031, 742.890, 747, 1934, 1816, 1026, 12082, 4647, 64, -94.841, -112.074, 0x367
0x1639, 6732, 9:968:902, 1000, 749.375, 751, 4936, 7732, 5978, 7731, 2624, 48, -96.624, -100.047, 0x29C
0x14D3, 3504, 9:981:030, 705, 747.093, 751, 66, 13109, 18040, 18087, 9808, 88, -87.387, -91.262, 0x4A9
0x15B2, 5700, 11:698:499, 1031, 744.250, 748, 5506, 1650, 2037, 12037, 4592, 64, -94.789, -106.698, 0x36C
0x1639, 6756, 10:140:093, 1030, 743.343, 745, 4703, 7503, 5765, 7502, 2758, 56, -96.584, -101.481, 0x2FD
0x14D3, 3500, 10:152:222, 773, 747.843, 752, 12494, 19109, 12942, 19336, 11787, 96, -87.385, -91.877, 0x51B
0x15B2, 5733, 11:869:690, 1031, 746.171, 750, 8441, 2295, 2133, 11525, 4516, 60, -94.717, -102.083, 0x33D
0x1639, 6742, 10:311:285, 1030, 745.625, 747, 5605, 8021, 5734, 8020, 2843, 52, -96.716, -100.096, 0x2D0
0x14D3, 3537, 10:323:413, 618, 748.796, 750, 6367, 17292, 11898, 17291, 7899, 72, -87.591, -90.262, 0x3E4
0x15B2, 5770, 12:040:882, 1031, 747.265, 751, 6001, 1787, 2033, 12627, 4817, 64, -94.997, -105.363, 0x366
0x1639, 6765, 10:482:477, 1029, 747.953, 749, 6434, 7825, 4850, 7824, 2767, 52, -96.606, -100.020, 0x2D3
0x14D3, 3532, 10:494:605, 708, 749.203, 753, 95, 15326, 17332, 17980, 10239, 92, -87.537, -91.545, 0x4D8
0x15B2, 5733, 12:212:073, 1031, 740.671, 745, 3498, 2067, 1508, 11465, 4756, 68, -94.942, -109.732, 0x3A7
0x1639, 6756, 10:653:669, 1000, 749.656, 751, 5181, 7004, 4964, 7003, 2443, 44, -96.314, -101.283, 0x265
0x14D3, 3528, 10:665:797, 612, 750.031, 751, 152, 9013, 16901, 16900, 7713, 72, -87.572, -91.170, 0x3DA
0x15B2, 5733, 12:383:265, 1030, 742.171, 746, 7810, 1742, 2233, 13102, 4824, 60, -93.012, -103.392, 0x33B
0x1639, 6765, 10:824:861, 968, 744.000, 745, 2922, 6138, 7097, 7096, 2416, 44, -96.548, -101.391, 0x266
0x14D3, 3542, 10:836:989, 656, 750.906, 752, 8239, 18309, 11885, 18308, 9129, 80, -87.701, -90.280, 0x449
0x15B2, 5733, 12:554:455, 1030, 743.281, 747, 6564, 1839, 1942, 11547, 4596, 72, -94.802, -104.013, 0x3D3
0x1639, 6746, 10:996:052, 968, 746.046, 747, 2917, 6028, 7059, 7058, 2370, 44, -96.465, -101.304, 0x262
0x14D3, 3495, 11:008:181, 722, 751.203, 755, 35, 15633, 17451, 18238, 10467, 92, -87.462, -91.484, 0x4E2
0x15B2, 5719, 12:725:647, 1031, 744.531, 748, 4099, 2020, 1665, 11493, 4692, 68, -94.883, -108.733, 0x3A0
0x1639, 6737, 11:167:244, 1000, 748.046, 749, 3097, 5841, 6498, 6497, 2452, 44, -96.330, -102.601, 0x261
0x14D3, 3546, 11:179:372, 613, 752.093, 753, 84, 9222, 18545, 18544, 8959, 84, -86.208, -91.835, 0x46E
0x15B2, 5728, 12:896:838, 1031, 745.625, 750, 2728, 2071, 1550, 11077, 4463, 64, -94.666, -110.497, 0x36B
0x1639, 6723, 11:338:436, 1032, 750.000, 751, 2590, 6399, 7817, 7816, 2835, 60, -96.687, -101.351, 0x32B
0x14D3, 3500, 11:350:564, 721, 744.546, 746, 7084, 19859, 15725, 19858, 13140, 104, -86.462, -90.501, 0x56A
0x15B2, 5705, 13:068:030, 1031, 747.125, 751, 8031, 1783, 2243, 12647, 4688, 68, -94.879, -103.610, 0x39D
0x1639, 6770, 11:509:628, 999, 744.093, 745, 3459, 6657, 6963, 6962, 2516, 56, -96.450, -101.470, 0x2FF
0x14D3, 3495, 11:521:756, 566, 745.109, 749, 109, 12750, 15137, 16676, 8003, 80, -86.411, -90.133, 0x42E
0x15B2, 5766, 13:239:221, 1032, 740.171, 744, 6283, 1582, 2213, 12793, 4819, 56, -94.991, -105.695, 0x300
0x1639, 6765, 11:680:819, 967, 746.015, 747, 2917, 6109, 7399, 7398, 2458, 52, -96.632, -101.576, 0x2CD
0x14D3, 3528, 11:692:948, 620, 746.031, 747, 112, 9306, 16915, 16914, 7729, 68, -87.468, -91.126, 0x3AC
0x15B2, 5733, 13:410:412, 1032, 741.359, 745, 4385, 1829, 1890, 11930, 4720, 60, -94.900, -107.160, 0x33A
0x1639, 6742, 11:852:011, 1030, 748.046, 749, 3320, 6805, 7417, 7416, 2760, 44, -96.587, -101.508, 0x26D
0x14D3, 3518, 11:864:139, 740, 746.734, 748, 9583, 19334, 13760, 19333, 11218, 92, -87.549, -90.037, 0x4E4
0x15B2, 5719, 13:581:603, 1031, 742.703, 746, 3892, 2042, 1432, 11029, 4552, 48, -94.751, -108.292, 0x2A2
0x1639, 6732, 12:023:203, 745, 749.250, 751, 2914, 5143, 4361, 5142, 1257, 36, -97.985, -101.137, 0x1F7
0x14D3, 3476, 12:035:331, 784, 747.265, 751, 83, 18496, 17861, 18567, 12034, 100, -87.352, -91.576, 0x551
0x15B2, 5747, 13:752:795, 1032, 744.156, 748, 8152, 1961, 2185, 12951, 4732, 76, -94.911, -103.741, 0x3FD
0x1639, 6788, 12:194:395, 1030, 744.031, 745, 3180, 6382, 7493, 7492, 2770, 52, -96.603, -101.296, 0x2CF
0x14D3, 3504, 12:206:523, 687, 748.093, 752, 95, 13175, 17597, 18939, 11092, 88, -86.146, -91.362, 0x49D
0x15B2, 5747, 13:923:986, 1032, 745.281, 749, 5782, 1856, 2043, 12726, 4733, 60, -94.912, -105.119, 0x33E
0x1639, 6742, 12:365:587, 837, 745.609, 747, 4375, 6430, 4594, 6429, 1750, 36, -96.410, -101.921, 0x1F6
0x14D3, 3514, 12:377:715, 682, 748.859, 753, 10775, 17754, 12173, 19023, 10908, 96, -86.136, -90.214, 0x509
0x15B2, 5723, 14:095:177, 1031, 746.750, 751, 3606, 2124, 1426, 10195, 4418, 68, -94.622, -109.905, 0x39B
0x1639, 6779, 12:536:778, 1001, 747.859, 749, 5907, 7460, 4885, 7459, 2582, 52, -96.545, -101.835, 0x2CC
0x14D3, 3551, 12:548:907, 612, 749.828, 751, 6488, 17050, 11484, 17049, 7799, 72, -87.620, -90.196, 0x3DC
0x15B2, 5728, 14:266:368, 1032, 748.031, 752, 8882, 2109, 2405, 13883, 5671, 60, -93.698, -102.486, 0x339
0x1639, 6737, 12:707:970, 997, 749.359, 751, 4653, 7448, 5880, 7447, 2458, 48, -96.367, -101.766, 0x2A3
0x14D3, 3504, 12:720:098, 627, 750.203, 754, 100, 13555, 16550, 17582, 9656, 80, -86.337, -91.919, 0x436
0x15B2, 5723, 14:437:560, 1032, 741.125, 745, 7720, 1629, 2137, 13003, 4739, 64, -94.918, -103.235, 0x370
0x1639, 6821, 12:879:162, 1032, 743.953, 745, 6208, 7748, 4908, 7747, 2807, 44, -96.643, -101.873, 0x271
0x14D3, 3532, 12:891:290, 695, 751.140, 752, 122, 12780, 18594, 18593, 9399, 88, -87.326, -91.488, 0x4A9
0x15B2, 5752, 14:608:751, 1031, 742.218, 746, 6591, 1684, 2000, 12640, 4717, 64, -94.906, -104.008, 0x362
0x1639, 6756, 13:050:354, 997, 746.015, 747, 3111, 6500, 7505, 7504, 2594, 48, -96.600, -101.630, 0x299
0x14D3, 3551, 13:062:482, 553, 752.015, 753, 104, 6515, 16704, 16703, 7584, 84, -86.379, -91.477, 0x468
0x15B2, 5709, 14:779:943, 1032, 743.593, 747, 3827, 2139, 1684, 11302, 4726, 56, -94.906, -108.421, 0x308
0x1639, 6774, 13:221:546, 1000, 748.125, 750, 3529, 6362, 5939, 6361, 2481, 48, -96.381, -102.714, 0x291
0x14D3, 3523, 13:233:674, 699, 744.453, 746, 42, 18942, 15817, 18941, 11667, 104, -86.215, -90.216, 0x56E
0x15B2, 5780, 14:951:133, 1031, 744.718, 749, 3203, 2101, 1439, 11773, 4862, 60, -93.038, -109.233, 0x337
0x1639, 6737, 13:392:737, 808, 750.031, 751, 2349, 4828, 5470, 5469, 1480, 36, -97.989, -102.801, 0x1F8
0x14D3, 3528, 13:404:866, 651, 745.156, 746, 79, 13813, 16823, 16822, 8624, 80, -87.520, -91.744, 0x444
0x15B2, 5733, 15:122:325, 1031, 746.078, 750, 8485, 2022, 2177, 12420, 4645, 68, -94.839, -102.070, 0x39E
0x1639, 6727, 13:563:929, 1004, 744.640, 746, 5615, 7266, 5209, 7265, 2548, 52, -96.462, -101.696, 0x2CD
0x14D3, 3500, 13:576:057, 655, 746.515, 748, 4556, 17243, 13890, 17242, 8470, 80, -87.389, -90.019, 0x446
0x15B2, 5742, 15:293:516, 1036, 746.406, 750, 4175, 1853, 1750, 11378, 4557, 56, -94.714, -108.741, 0x305
0x1639, 6765, 13:735:121, 774, 746.062, 747, 2758, 5121, 5440, 5439, 1468, 36, -96.327, -101.507, 0x1F6
0x14D3, 3523, 13:747:249, 722, 746.484, 748, 6842, 19603, 15947, 19602, 13048, 104, -86.419, -90.448, 0x576
0x15B2, 5728, 15:464:708, 1033, 740.265, 744, 5801, 1792, 2004, 12605, 4805, 56, -94.970, -105.092, 0x309
0x1639, 6746, 13:906:313, 998, 748.171, 750, 4481, 7006, 6509, 7005, 2593, 48, -96.590, -101.751, 0x295
0x14D3, 3532, 13:918:441, 644, 747.140, 748, 89, 13366, 16929, 16928, 8527, 84, -87.565, -91.759, 0x475
0x15B2, 5742, 15:635:898, 1030, 741.140, 745, 7048, 1621, 2463, 13597, 5867, 48, -93.862, -104.665, 0x296
0x1639, 6737, 14:077:505, 933, 742.468, 744, 5021, 6718, 5130, 6717, 2234, 36, -96.528, -101.714, 0x200
0x14D3, 3537, 14:089:633, 552, 748.078, 749, 98, 7911, 16887, 16886, 7778, 92, -86.504, -91.834, 0x4C3
0x15B2, 5728, 15:807:090, 1031, 742.187, 746, 6089, 1572, 2049, 12769, 4709, 52, -94.899, -105.404, 0x2D9
0x1639, 6765, 14:248:696, 965, 744.890, 746, 5991, 7011, 4488, 7010, 2461, 44, -96.655, -101.789, 0x262
0x14D3, 3532, 14:260:825, 620, 748.921, 750, 8316, 16985, 10894, 16984, 7866, 72, -87.544, -90.191, 0x3D8
0x15B2, 5728, 15:978:281, 1031, 743.281, 747, 4802, 1703, 1970, 12268, 4635, 72, -94.830, -107.742, 0x3D3
0x1639, 6723, 14:419:888, 997, 746.968, 748, 6905, 7101, 4301, 7100, 2621, 48, -96.645, -101.953, 0x297
0x14D3, 3345, 14:432:016, 669, 749.218, 753, 133, 15476, 16575, 16932, 9477, 92, -87.693, -91.863, 0x4DD
0x15B2, 5742, 16:149:473, 1031, 744.296, 748, 5534, 1877, 1961, 12476, 4670, 72, -94.863, -106.791, 0x3D1
0x1639, 6713, 14:591:080, 1029, 749.234, 751, 4788, 7841, 6579, 7840, 2771, 48, -96.613, -100.073, 0x29F
0x14D3, 3528, 14:603:208, 644, 750.093, 751, 122, 11416, 17359, 17358, 8546, 76, -87.575, -91.433, 0x40E
0x15B2, 5733, 16:320:664, 1032, 745.453, 749, 4489, 1891, 1634, 11863, 4650, 68, -94.836, -107.201, 0x3A8
0x1639, 6671, 14:762:272, 997, 743.343, 745, 5182, 7176, 5527, 7175, 2573, 44, -96.565, -101.656, 0x260
0x14D3, 3528, 14:774:400, 661, 750.968, 752, 8895, 18299, 11518, 18298, 9168, 80, -87.653, -90.232, 0x448
0x15B2, 5738, 16:491:854, 1032, 746.546, 750, 4534, 1995, 1590, 10659, 4534, 64, -94.726, -107.310, 0x372
0x1639, 6774, 14:933:464, 1029, 745.703, 747, 5412, 7287, 5059, 7286, 2600, 56, -96.336, -101.345, 0x302
0x14D3, 3509, 14:945:592, 600, 751.546, 753, 15, 17473, 14201, 17472, 9541, 88, -86.668, -90.746, 0x499
0x15B2, 5770, 16:663:046, 1032, 747.468, 751, 4146, 1834, 1638, 11496, 4759, 72, -94.936, -108.648, 0x3D2
0x1639, 6765, 15:104:655, 1029, 747.734, 749, 5405, 7207, 4955, 7206, 2642, 44, -96.406, -101.252, 0x266
0x14D3, 3551, 15:116:784, 630, 744.046, 745, 87, 10076, 17446, 17445, 8201, 80, -87.586, -91.357, 0x443
0x15B2, 5775, 16:834:236, 1033, 740.640, 745, 3426, 2060, 1527, 11242, 4573, 68, -94.755, -109.605, 0x39E
0x1639, 6723, 15:275:847, 968, 750.015, 751, 3024, 6526, 7047, 7046, 2407, 52, -96.532, -101.602, 0x2C7
0x14D3, 3565, 15:287:975, 632, 745.000, 746, 140, 6770, 18383, 18382, 9327, 92, -86.118, -91.086, 0x4CE
0x15B2, 5728, 17:005:428, 1032, 742.156, 746, 8151, 1763, 2145, 12640, 4634, 60, -94.821, -103.687, 0x33D
0x1639, 6709, 15:447:039, 998, 744.156, 746, 4046, 7245, 6782, 7244, 2668, 52, -96.714, -101.878, 0x2CE
0x14D3, 3485, 15:459:167, 571, 745.187, 749, 116, 14111, 14805, 16619, 8275, 80, -86.480, -90.342, 0x433
0x15B2, 5747, 17:176:620, 1031, 743.078, 747, 8572, 1893, 2160, 12484, 4596, 68, -94.793, -102.118, 0x39C
0x1639, 6713, 15:618:231, 934, 746.156, 748, 3800, 6585, 6313, 6584, 2293, 40, -96.632, -101.750, 0x22E
0x14D3, 3504, 15:630:359, 620, 746.046, 747, 150, 10075, 16963, 16962, 7874, 68, -87.549, -91.314, 0x3AC
0x15B2, 5738, 0:140:410, 1031, 744.234, 748, 6565, 1528, 1954, 11024, 4417, 76, -94.621, -105.919, 0x3FC
0x1639, 6737, 15:789:423, 1030, 748.609, 750, 5776, 7733, 5587, 7732, 2841, 44, -96.713, -101.950, 0x265
0x14D3, 3546, 15:801:551, 645, 746.781, 748, 6149, 17673, 12513, 17672, 8160, 80, -87.360, -90.116, 0x444
0x15B2, 5733, 0:311:601, 1032, 745.296, 749, 5015, 1737, 1932, 12164, 4718, 68, -94.899, -106.024, 0x3A3
0x1639, 6723, 15:960:614, 998, 742.453, 744, 4960, 6753, 5165, 6752, 2474, 44, -96.386, -101.139, 0x266
0x14D3, 3199, 15:972:743, 561, 744.765, 751, 9803, 3703, 2410, 16923, 7930, 80, -86.448, -96.911, 0x432
0x15B2, 5709, 0:482:792, 1032, 746.328, 750, 5330, 1984, 2008, 12210, 4696, 64, -94.878, -106.594, 0x36B
0x1639, 6817, 16:131:806, 1025, 744.234, 746, 4860, 7281, 6400, 7280, 2652, 52, -96.456, -101.749, 0x2D1
0x14D3, 3509, 16:143:934, 629, 747.156, 748, 147, 13505, 16660, 16659, 8461, 76, -87.736, -91.914, 0x408
0x15B2, 5742, 0:653:984, 1028, 747.937, 752, 2213, 2202, 1216, 12549, 4752, 48, -94.964, -111.521, 0x2A1
0x1639, 6713, 16:302:998, 999, 746.984, 749, 6910, 6867, 4128, 6909, 2683, 48, -96.729, -101.758, 0x297
0x14D3, 3532, 16:315:126, 593, 748.156, 749, 131, 9496, 17926, 17925, 8414, 80, -86.224, -91.942, 0x42F
0x15B2, 5770, 0:825:175, 1032, 740.312, 744, 5061, 1807, 1963, 11649, 4702, 64, -94.884, -106.136, 0x367
0x1639, 6676, 16:474:190, 1031, 749.406, 751, 5437, 7550, 5804, 7549, 2792, 48, -96.629, -101.795, 0x29B
0x14D3, 3509, 16:486:318, 679, 748.468, 750, 5341, 17974, 15129, 17973, 9731, 88, -87.679, -90.260, 0x4B2
0x15B2, 5752, 0:996:366, 1032, 741.468, 745, 4331, 1900, 1624, 11800, 4689, 68, -94.872, -108.966, 0x39E
0x1639, 6779, 16:645:381, 998, 743.671, 745, 5625, 7457, 5225, 7456, 2597, 52, -96.597, -101.867, 0x2CC
0x14D3, 3532, 16:657:510, 749, 749.000, 753, 139, 12983, 18210, 18886, 10653, 92, -87.220, -92.761, 0x4E9
0x15B2, 5756, 1:167:557, 1032, 742.406, 746, 4568, 1778, 1713, 11476, 4629, 72, -94.816, -107.293, 0x3D4
0x1639, 6756, 16:816:572, 998, 746.046, 747, 3197, 6060, 6741, 6740, 2532, 48, -96.487, -102.933, 0x292
0x14D3, 3504, 16:828:702, 670, 749.359, 751, 113, 17016, 15543, 17015, 9272, 84, -87.585, -91.990, 0x47F
0x15B2, 5695, 1:338:749, 1030, 743.875, 748, 2375, 2171, 1284, 12436, 4781, 64, -94.973, -111.795, 0x366
0x1639, 6727, 16:987:764, 1029, 748.093, 749, 3547, 7039, 7485, 7484, 2801, 48, -96.659, -101.736, 0x29D
0x14D3, 3495, 16:999:894, 801, 749.718, 751, 10480, 20038, 14362, 20037, 12352, 100, -87.279, -91.746, 0x556
0x15B2, 5742, 1:509:940, 1033, 744.515, 749, 3627, 1999, 1669, 10999, 4606, 56, -94.786, -109.974, 0x309
0x1639, 6709, 17:158:956, 645, 749.640, 751, 3281, 4602, 3237, 4601, 922, 32, -97.891, -101.344, 0x1C1
0x14D3, 3518, 17:171:086, 683, 750.140, 754, 74, 13096, 17465, 17854, 9546, 84, -87.544, -91.352, 0x478
0x15B2, 5714, 1:681:131, 1030, 746.109, 750, 7792, 1957, 2304, 12564, 4724, 56, -94.921, -103.445, 0x302
0x1639, 6727, 0:122:747, 997, 744.156, 746, 3852, 6429, 6144, 6428, 2456, 44, -96.363, -101.013, 0x267
0x14D3, 3546, 0:134:876, 622, 750.921, 752, 7554, 17235, 10926, 17234, 7766, 80, -87.461, -90.137, 0x448
0x15B2, 5742, 1:852:323, 1031, 747.125, 751, 7318, 1952, 2372, 12109, 4663, 56, -94.856, -104.987, 0x304
0x1639, 6751, 0:293:938, 805, 746.078, 747, 3172, 5361, 5652, 5651, 1619, 36, -96.411, -101.641, 0x1F7
0x14D3, 3528, 0:306:068, 633, 751.125, 752, 86, 12827, 16731, 16730, 8242, 76, -87.567, -91.710, 0x413
0x15B2, 5766, 2:023:514, 1031, 740.156, 744, 7198, 1791, 2192, 13009, 4755, 52, -94.941, -104.763, 0x2D4
0x1639, 6756, 0:465:130, 1029, 748.843, 750, 6136, 7087, 4605, 7086, 2597, 48, -96.331, -101.389, 0x296
0x14D3, 3537, 0:477:260, 633, 751.906, 753, 7252, 17818, 11563, 17817, 8408, 84, -87.653, -90.254, 0x480
0x15B2, 5733, 2:194:705, 1031, 741.187, 745, 6357, 1657, 2030, 12928, 4765, 60, -94.950, -105.741, 0x334
0x1639, 6760, 0:636:322, 1029, 742.718, 744, 6244, 7359, 5086, 7358, 2744, 48, -96.570, -101.767, 0x299
0x14D3, 3518, 0:648:451, 635, 752.078, 753, 75, 10459, 18511, 18510, 10120, 88, -86.431, -91.756, 0x4A2
0x15B2, 5723, 2:365:896, 1032, 742.328, 746, 4783, 1869, 1911, 12332, 4720, 60, -94.900, -107.760, 0x333
0x1639, 6760, 0:807:514, 1032, 745.031, 746, 3594, 6814, 6993, 6992, 2628, 56, -96.357, -101.330, 0x305
0x14D3, 3532, 0:819:643, 637, 744.593, 746, 4966, 17210, 13288, 17209, 8299, 80, -87.542, -90.144, 0x43E
0x15B2, 5747, 2:537:088, 1032, 743.375, 747, 4156, 1926, 1815, 11972, 4676, 60, -94.860, -108.838, 0x336
0x1639, 6718, 0:978:705, 997, 747.078, 749, 3872, 7076, 6705, 7075, 2618, 52, -96.640, -101.700, 0x2CA
0x14D3, 3514, 0:990:835, 579, 745.015, 746, 110, 8160, 17225, 17224, 8446, 80, -86.448, -91.609, 0x432
0x15B2, 5691, 2:708:279, 1032, 744.859, 749, 2749, 2556, 1532, 12952, 5970, 56, -93.921, -109.144, 0x2FE
0x1639, 6718, 1:149:897, 1029, 749.359, 751, 5159, 7834, 6105, 7833, 2750, 52, -96.580, -101.989, 0x2D4
0x14D3, 3537, 1:162:027, 673, 745.078, 749, 94, 12096, 17660, 17815, 9172, 76, -87.499, -91.310, 0x41A
0x15B2, 5738, 2:879:470, 1030, 746.265, 750, 6191, 1659, 2100, 11507, 4619, 60, -94.823, -105.582, 0x330
0x1639, 6746, 1:321:089, 1029, 743.484, 745, 5475, 7557, 5604, 7556, 2851, 48, -96.736, -101.748, 0x29B
0x14D3, 3532, 1:333:219, 678, 745.343, 747, 45, 16626, 16328, 16625, 9595, 76, -87.630, -91.983, 0x417
0x15B2, 5714, 3:050:661, 1030, 747.281, 751, 6290, 1624, 1923, 11317, 4546, 72, -94.754, -105.621, 0x3D0
0x1639, 6756, 1:492:281, 1029, 745.968, 747, 5910, 6958, 4302, 6957, 2604, 48, -96.343, -101.091, 0x29B
0x14D3, 3546, 1:504:410, 608, 746.031, 747, 110, 8598, 16948, 16947, 7559, 80, -87.541, -91.159, 0x43E
0x15B2, 5738, 3:221:853, 1030, 740.437, 744, 3954, 1912, 1842, 11614, 4801, 64, -94.991, -108.560, 0x366
0x1639, 6779, 1:663:473, 1029, 748.031, 749, 2880, 6598, 7625, 7624, 2860, 44, -96.750, -101.424, 0x262
0x14D3, 3523, 1:675:602, 633, 746.140, 747, 94, 12259, 16816, 16815, 8334, 72, -87.615, -91.597, 0x3DF
0x15B2, 5766, 3:393:044, 1031, 742.359, 746, 5419, 1915, 1873, 11071, 4651, 68, -94.845, -106.622, 0x3A0
0x1639, 6760, 1:834:664, 937, 749.875, 751, 5357, 7083, 4595, 7082, 2194, 40, -96.412, -101.824, 0x22E
0x14D3, 3514, 1:846:794, 637, 746.484, 748, 5014, 16730, 13941, 16729, 8471, 76, -87.631, -90.161, 0x40E
0x15B2, 5705, 3:564:235, 1031, 743.625, 747, 3234, 2198, 1600, 11257, 4752, 60, -94.938, -109.511, 0x332
0x1639, 6713, 2:005:856, 1031, 744.093, 745, 3739, 6712, 6780, 6779, 2676, 48, -96.444, -101.206, 0x296
0x14D3, 3528, 2:017:986, 622, 747.078, 748, 101, 9261, 18259, 18258, 9219, 84, -86.206, -91.608, 0x46F
0x15B2, 5719, 3:735:427, 1031, 745.109, 749, 7901, 1979, 2307, 12960, 4880, 60, -93.054, -103.547, 0x33F
0x1639, 6732, 2:177:048, 643, 745.921, 747, 3655, 4528, 2796, 4527, 936, 28, -97.983, -101.294, 0x18C
0x14D3, 3551, 2:189:178, 647, 747.156, 748, 117, 13926, 16653, 16652, 8601, 80, -87.562, -91.774, 0x446
0x15B2, 5738, 3:906:618, 1032, 746.375, 750, 4525, 1928, 1810, 11298, 4746, 64, -94.924, -107.374, 0x363
0x1639, 6709, 2:348:240, 998, 748.156, 750, 3997, 7055, 6822, 7054, 2633, 44, -96.656, -101.780, 0x268
0x14D3, 3532, 2:360:370, 650, 747.687, 749, 6106, 17919, 13194, 17918, 9043, 72, -87.739, -90.264, 0x3E5
0x15B2, 5747, 4:077:809, 1032, 747.828, 752, 3212, 2024, 1260, 10362, 4368, 68, -94.564, -109.027, 0x39A
0x1639, 6713, 2:519:431, 774, 742.203, 744, 3351, 5228, 4767, 5227, 1428, 40, -96.207, -101.358, 0x225
0x14D3, 3537, 2:531:561, 542, 748.000, 749, 165, 6666, 16355, 16354, 7640, 76, -86.586, -91.520, 0x404
0x15B2, 5770, 4:249:001, 1032, 741.125, 745, 7290, 1621, 2076, 12932, 4706, 60, -94.888, -104.773, 0x337
0x1639, 6746, 2:690:623, 1030, 744.171, 746, 4374, 7295, 6710, 7294, 2739, 56, -96.554, -101.698, 0x300
0x14D3, 3378, 2:702:753, 620, 748.093, 749, 69, 11071, 16421, 16420, 7854, 72, -87.538, -91.347, 0x3DF
0x15B2, 5766, 4:420:192, 1030, 742.343, 746, 5035, 1788, 1847, 12225, 4651, 64, -94.853, -106.049, 0x36D
0x1639, 6737, 2:861:815, 998, 746.890, 748, 5748, 6421, 4047, 6420, 2439, 48, -96.324, -102.850, 0x294
0x14D3, 3514, 2:873:945, 699, 748.281, 750, 108, 16966, 16908, 16965, 10464, 92, -87.742, -91.957, 0x4DF
0x15B2, 5738, 4:591:383, 1030, 744.062, 748, 8572, 1833, 2141, 12565, 4713, 60, -94.911, -102.110, 0x33C
0x1639, 6699, 3:033:007, 1030, 748.890, 750, 6754, 7377, 4606, 7376, 2743, 44, -96.560, -101.840, 0x265
0x14D3, 3532, 3:045:137, 615, 748.875, 750, 7525, 16874, 11081, 16873, 7711, 72, -87.528, -90.149, 0x3DA
0x15B2, 5761, 4:762:574, 1030, 745.265, 749, 6672, 1652, 2057, 11294, 4585, 64, -94.791, -104.119, 0x368
0x1639, 6765, 3:204:199, 998, 742.906, 744, 6379, 7033, 4351, 7032, 2677, 52, -96.728, -101.655, 0x2C7
0x14D3, 3537, 3:216:329, 619, 749.078, 750, 12, 10812, 16932, 16931, 7986, 80, -87.624, -91.485, 0x43D
0x15B2, 5714, 4:933:765, 1031, 746.312, 750, 4723, 1771, 1893, 12234, 4685, 72, -94.877, -107.622, 0x3D3
0x1639, 6704, 3:375:390, 1000, 745.125, 747, 4345, 7377, 6765, 7376, 2701, 52, -96.750, -100.017, 0x2CB
0x14D3, 3500, 3:387:520, 751, 749.078, 753, 87, 15354, 19710, 20209, 12996, 100, -86.060, -91.700, 0x545
0x15B2, 5742, 5:104:957, 1030, 748.078, 752, 9287, 2749, 2199, 11045, 4578, 64, -94.785, -102.943, 0x36D
0x1639, 6732, 3:546:582, 997, 747.171, 749, 4716, 7392, 6338, 7391, 2665, 52, -96.718, -101.969, 0x2C7
0x14D3, 3518, 3:558:712, 674, 749.328, 751, 114, 16588, 16284, 16587, 9558, 92, -87.665, -90.013, 0x4DF
0x15B2, 5794, 5:276:148, 1030, 740.812, 745, 2450, 2173, 1355, 12190, 4742, 56, -94.937, -111.993, 0x30A
0x1639, 6723, 3:717:774, 997, 749.093, 751, 3849, 7037, 6589, 7036, 2542, 48, -96.512, -101.610, 0x299
0x14D3, 3467, 3:729:904, 678, 749.265, 753, 38, 17053, 16090, 18173, 11081, 104, -86.256, -90.036, 0x576
0x15B2, 5723, 5:447:339, 1031, 742.140, 746, 8376, 1873, 2093, 12856, 4748, 64, -94.935, -103.918, 0x368
0x1639, 6695, 3:888:966, 1029, 743.046, 745, 3833, 6817, 6335, 6816, 2676, 52, -96.461, -101.067, 0x2CC
0x14D3, 3528, 3:901:096, 682, 749.890, 751, 8625, 18747, 12332, 18746, 9871, 80, -87.703, -90.202, 0x44B
0x15B2, 5728, 5:618:531, 1031, 743.140, 747, 7957, 1881, 2234, 12800, 4685, 60, -94.877, -103.558, 0x33B
0x1639, 6690, 4:060:158, 933, 745.218, 747, 4351, 7133, 6081, 7132, 2360, 44, -96.766, -100.147, 0x265
0x14D3, 3523, 4:072:288, 608, 750.015, 751, 86, 8899, 16608, 16607, 7567, 72, -87.546, -91.084, 0x3D9
0x15B2, 5761, 5:789:722, 1031, 744.093, 748, 7526, 1764, 2137, 12877, 4647, 64, -94.841, -103.078, 0x36A
0x1639, 6727, 4:231:349, 1029, 747.265, 749, 5103, 7371, 5838, 7370, 2697, 44, -96.495, -101.598, 0x26C
0x14D3, 3537, 4:243:479, 564, 750.171, 751, 50, 9927, 17495, 17494, 8155, 92, -86.523, -90.304, 0x4C6
0x15B2, 5733, 5:960:913, 1031, 745.156, 749, 6941, 1806, 2293, 12996, 4854, 56, -93.030, -104.530, 0x309
0x1639, 6727, 4:402:541, 1029, 749.359, 751, 5177, 7656, 5975, 7655, 2832, 40, -96.707, -101.843, 0x230
0x14D3, 3509, 4:414:672, 780, 750.203, 751, 172, 17737, 18614, 18613, 11639, 100, -87.252, -91.620, 0x54F
0x15B2, 5723, 6:132:104, 1032, 746.359, 750, 4936, 1882, 1842, 11953, 4696, 64, -94.878, -107.941, 0x360
0x1639, 6756, 4:573:733, 1000, 743.687, 745, 5682, 7194, 4994, 7193, 2501, 52, -96.416, -101.633, 0x2CC
0x14D3, 3523, 4:585:863, 705, 750.187, 754, 103, 14380, 17362, 17772, 9970, 84, -87.458, -91.356, 0x478
0x15B2, 5728, 6:303:296, 1032, 747.671, 752, 3329, 2117, 1548, 11377, 4711, 68, -94.892, -109.529, 0x39B
0x1639, 6784, 4:744:925, 933, 745.734, 747, 5221, 7206, 4927, 7205, 2278, 44, -96.613, -100.010, 0x25E
0x14D3, 3532, 4:757:055, 646, 750.812, 752, 6995, 18031, 12354, 18030, 8837, 76, -87.693, -90.270, 0x412
0x15B2, 5761, 6:474:487, 1032, 741.062, 745, 9017, 2123, 2284, 12562, 4694, 56, -94.876, -102.578, 0x30A
0x1639, 6713, 4:916:117, 1029, 748.062, 749, 3551, 7184, 7480, 7479, 2854, 48, -96.741, -101.809, 0x2A5
0x14D3, 3528, 4:928:247, 659, 751.000, 752, 123, 8472, 19164, 19163, 10206, 96, -86.145, -91.307, 0x502
0x15B2, 5756, 6:645:678, 1030, 742.406, 746, 5255, 1796, 1701, 11918, 4544, 68, -94.752, -106.283, 0x3A5
0x1639, 6760, 5:087:308, 773, 750.015, 751, 2412, 4679, 5431, 5430, 1390, 36, -96.101, -101.070, 0x1F3
0x14D3, 3382, 5:099:439, 657, 751.046, 752, 176, 10218, 18034, 18033, 8926, 84, -87.590, -91.239, 0x477
0x15B2, 5742, 6:816:869, 1030, 743.828, 748, 2338, 1870, 1132, 11882, 4648, 72, -94.851, -111.108, 0x3C9
0x1639, 6713, 5:258:500, 1030, 744.203, 746, 4415, 7598, 6690, 7597, 2822, 56, -96.683, -101.866, 0x2FD
0x14D3, 3073, 5:270:631, 646, 748.953, 752, 11353, 5332, 3085, 18693, 9668, 88, -86.083, -95.278, 0x4A0
0x15B2, 5738, 6:988:061, 1031, 745.296, 749, 5320, 1727, 2058, 12445, 4764, 64, -94.949, -106.499, 0x371
0x1639, 6742, 5:429:692, 870, 746.156, 748, 3859, 6155, 5880, 6154, 1943, 48, -96.529, -101.882, 0x297
0x14D3, 3509, 5:441:822, 614, 751.562, 753, 4995, 17031, 13684, 17030, 8247, 76, -87.834, -90.505, 0x412
0x15B2, 5705, 7:159:252, 1032, 746.187, 750, 7056, 1611, 2124, 12850, 4783, 60, -94.958, -104.537, 0x33B
0x1639, 6695, 5:600:883, 998, 748.421, 750, 5293, 7561, 5853, 7560, 2673, 44, -96.722, -100.048, 0x264
0x14D3, 3495, 5:613:014, 709, 751.546, 753, 6597, 18956, 14937, 18955, 10819, 88, -87.764, -90.212, 0x4B4
0x15B2, 5733, 7:330:443, 1032, 747.343, 751, 5240, 1806, 1872, 12014, 4700, 56, -94.882, -106.329, 0x308
0x1639, 6774, 5:772:075, 678, 742.062, 743, 2136, 4109, 4819, 4818, 1090, 36, -96.184, -101.135, 0x1F4
0x14D3, 3490, 5:784:206, 758, 743.671, 745, 10124, 18957, 13876, 18956, 11497, 92, -87.447, -91.825, 0x4ED
0x15B2, 5728, 7:501:635, 1032, 740.390, 744, 4457, 1786, 1846, 11873, 4835, 68, -93.005, -107.212, 0x39F
0x1639, 6751, 5:943:267, 997, 745.046, 746, 3551, 6629, 6881, 6880, 2605, 44, -96.619, -101.452, 0x265
0x14D3, 3518, 5:955:398, 715, 752.000, 753, 168, 11128, 19842, 19841, 12355, 100, -86.267, -91.313, 0x53F
0x15B2, 5742, 7:672:826, 1030, 742.062, 746, 9144, 2041, 2178, 12878, 4734, 64, -94.930, -102.665, 0x36C
0x1639, 6727, 6:114:459, 1000, 746.859, 748, 5803, 6453, 4099, 6452, 2468, 44, -96.358, -102.903, 0x266
0x14D3, 3556, 6:126:589, 549, 744.171, 745, 126, 9945, 17200, 17199, 8039, 88, -86.695, -90.431, 0x495
0x15B2, 5738, 7:844:017, 1033, 743.187, 747, 7595, 1987, 2111, 12322, 4648, 68, -94.825, -103.179, 0x3A0
0x1639, 6742, 6:285:651, 997, 749.140, 751, 4010, 6844, 6262, 6843, 2483, 44, -96.410, -101.377, 0x265
0x14D3, 3293, 6:297:781, 616, 742.921, 748, 15993, 6344, 3993, 17058, 10316, 92, -86.778, -92.409, 0x4CC
0x15B2, 5742, 8:015:208, 1030, 744.296, 748, 5960, 1847, 2042, 12690, 4738, 52, -94.934, -105.348, 0x2D9
0x1639, 6699, 6:456:842, 1032, 742.968, 745, 7173, 7146, 4316, 7172, 2896, 44, -96.779, -101.819, 0x26A
0x14D3, 3546, 6:468:973, 596, 744.765, 746, 5387, 17661, 12685, 17660, 8781, 88, -86.365, -90.760, 0x4A0
0x15B2, 5700, 8:186:400, 1031, 745.781, 750, 2487, 1942, 1301, 11844, 4736, 64, -94.924, -111.657, 0x36A
0x1639, 6723, 6:628:034, 1000, 745.171, 747, 4292, 7445, 6760, 7444, 2690, 44, -96.732, -100.035, 0x264
0x14D3, 3514, 6:640:165, 658, 744.906, 746, 8182, 18278, 11865, 18277, 9088, 76, -87.655, -90.233, 0x414
0x15B2, 5705, 8:357:591, 1031, 747.125, 751, 7684, 1863, 2314, 12626, 4726, 68, -94.914, -103.311, 0x3A4
0x1639, 6727, 6:799:226, 1000, 747.250, 749, 5049, 7184, 5811, 7183, 2519, 48, -96.447, -101.708, 0x29A
0x14D3, 3227, 6:811:357, 578, 742.875, 746, 11320, 4468, 2766, 17294, 8495, 80, -86.488, -95.945, 0x433
0x15B2, 5747, 8:528:783, 1031, 740.515, 744, 4333, 1944, 1648, 11372, 4662, 68, -94.855, -107.020, 0x3A3
0x1639, 6742, 6:970:418, 904, 749.406, 751, 4654, 6799, 5210, 6798, 2057, 44, -96.444, -101.915, 0x266
0x14D3, 3532, 6:982:548, 653, 745.031, 746, 158, 9457, 18137, 18136, 8815, 88, -87.589, -91.177, 0x4AA
0x15B2, 5738, 8:699:973, 1032, 741.828, 746, 2714, 2098, 1290, 12325, 4821, 60, -94.992, -110.267, 0x338
0x1639, 6690, 7:141:609, 936, 743.281, 745, 4547, 6907, 5538, 6906, 2293, 36, -96.613, -101.793, 0x1FE
0x14D3, 3509, 7:153:740, 630, 745.015, 749, 103, 11622, 17064, 18393, 9730, 80, -86.329, -91.569, 0x435
0x15B2, 5752, 8:871:165, 1032, 743.156, 747, 8457, 2277, 2149, 11664, 4647, 80, -94.833, -102.088, 0x430
0x1639, 6746, 7:312:801, 999, 745.718, 747, 5401, 7623, 5271, 7622, 2632, 48, -96.646, -101.878, 0x299
0x14D3, 3542, 7:324:932, 661, 745.375, 747, 79, 16623, 15936, 16622, 9396, 88, -87.760, -90.101, 0x4A9
0x15B2, 5733, 9:042:356, 1032, 744.234, 748, 6336, 1788, 2089, 12968, 4748, 60, -94.926, -105.772, 0x333
0x1639, 6751, 7:483:993, 1031, 748.000, 749, 2749, 6426, 7717, 7716, 2816, 48, -96.666, -101.345, 0x29D
0x14D3, 3368, 7:496:124, 668, 745.515, 747, 55, 17894, 14495, 17893, 9413, 80, -87.676, -90.009, 0x44D
0x15B2, 5747, 9:213:548, 1033, 745.515, 749, 4227, 2055, 1727, 11691, 4749, 52, -94.919, -108.970, 0x2D8
0x1639, 6727, 7:655:185, 775, 750.000, 751, 2275, 4520, 4958, 4957, 1330, 36, -97.887, -102.479, 0x1F8
0x14D3, 3556, 7:667:316, 640, 746.000, 747, 139, 7900, 18060, 18059, 8593, 80, -87.652, -91.031, 0x445
0x15B2, 5747, 9:384:738, 1030, 747.078, 751, 9883, 2324, 2382, 11745, 5616, 60, -93.672, -101.367, 0x335
0x1639, 6704, 7:826:377, 999, 744.109, 745, 3569, 6033, 6284, 6283, 2409, 52, -96.262, -102.744, 0x2C4
0x14D3, 3561, 7:838:507, 661, 746.109, 747, 152, 10004, 18061, 18060, 8352, 88, -87.248, -91.153, 0x4AE
0x15B2, 5738, 9:555:930, 1030, 740.250, 744, 5892, 1681, 1943, 11125, 4567, 60, -94.774, -105.164, 0x333
0x1639, 6704, 7:997:568, 871, 746.109, 747, 3106, 5520, 5737, 5736, 1814, 44, -96.221, -101.094, 0x267
0x14D3, 3509, 8:009:699, 637, 746.062, 747, 122, 10183, 18340, 18339, 10094, 96, -86.392, -91.612, 0x501
0x15B2, 5728, 9:727:121, 1031, 741.390, 745, 4669, 1722, 1601, 11160, 4582, 68, -94.780, -107.360, 0x396
0x1639, 6746, 8:168:760, 999, 748.062, 749, 3630, 6502, 7080, 7079, 2587, 48, -96.571, -101.504, 0x29A
0x14D3, 3518, 8:180:891, 626, 746.078, 747, 89, 10570, 17144, 17143, 8031, 68, -87.551, -91.410, 0x3B1
0x15B2, 5723, 9:898:313, 1031, 742.359, 746, 4717, 1814, 1834, 11884, 4683, 72, -94.875, -107.604, 0x3D0
